dataset,video_id,video_path,label,av_category,ethnicity,gender,subject_id
FakeAVCeleb_v1.2,FakeAVCeleb_v1.2__RealVideo-RealAudio__African__men__id00366__00118.mp4,data\raw\FakeAVCeleb_v1.2\RealVideo-RealAudio\African\men\id00366\00118.mp4,0,RealVideo-RealAudio,African,men,id00366
FakeAVCeleb_v1.2,FakeAVCeleb_v1.2__RealVideo-RealAudio__African__men__id00518__00031.mp4,data\raw\FakeAVCeleb_v1.2\RealVideo-RealAudio\African\men\id00518\00031.mp4,0,RealVideo-RealAudio,African,men,id00518
FakeAVCeleb_v1.2,FakeAVCeleb_v1.2__RealVideo-RealAudio__African__men__id01597__00005.mp4,data\raw\FakeAVCeleb_v1.2\RealVideo-RealAudio\African\men\id01597\00005.mp4,0,RealVideo-RealAudio,African,men,id01597
FakeAVCeleb_v1.2,FakeAVCeleb_v1.2__RealVideo-RealAudio__African__men__id02342__00191.mp4,data\raw\FakeAVCeleb_v1.2\RealVideo-RealAudio\African\men\id02342\00191.mp4,0,RealVideo-RealAudio,African,men,id02342
FakeAVCeleb_v1.2,FakeAVCeleb_v1.2__RealVideo-RealAudio__African__women__id00371__00099.mp4,data\raw\FakeAVCeleb_v1.2\RealVideo-RealAudio\African\women\id00371\00099.mp4,0,RealVideo-RealAudio,African,women,id00371
FakeAVCeleb_v1.2,FakeAVCeleb_v1.2__RealVideo-RealAudio__African__women__id00568__00384.mp4,data\raw\FakeAVCeleb_v1.2\RealVideo-RealAudio\African\women\id00568\00384.mp4,0,RealVideo-RealAudio,African,women,id00568
FakeAVCeleb_v1.2,FakeAVCeleb_v1.2__RealVideo-RealAudio__African__women__id02071__00195.mp4,data\raw\FakeAVCeleb_v1.2\RealVideo-RealAudio\African\women\id02071\00195.mp4,0,RealVideo-RealAudio,African,women,id02071
FakeAVCeleb_v1.2,FakeAVCeleb_v1.2__RealVideo-RealAudio__African__women__id02721__00424.mp4,data\raw\FakeAVCeleb_v1.2\RealVideo-RealAudio\African\women\id02721\00424.mp4,0,RealVideo-RealAudio,African,women,id02721
FakeAVCeleb_v1.2,FakeAVCeleb_v1.2__RealVideo-RealAudio__African__women__id03103__00130.mp4,data\raw\FakeAVCeleb_v1.2\RealVideo-RealAudio\African\women\id03103\00130.mp4,0,RealVideo-RealAudio,African,women,id03103
FakeAVCeleb_v1.2,FakeAVCeleb_v1.2__RealVideo-RealAudio__African__women__id03658__00077.mp4,data\raw\FakeAVCeleb_v1.2\RealVideo-RealAudio\African\women\id03658\00077.mp4,0,RealVideo-RealAudio,African,women,id03658
FakeAVCeleb_v1.2,FakeAVCeleb_v1.2__RealVideo-RealAudio__African__women__id03713__00249.mp4,data\raw\FakeAVCeleb_v1.2\RealVideo-RealAudio\African\women\id03713\00249.mp4,0,RealVideo-RealAudio,African,women,id03713
FakeAVCeleb_v1.2,FakeAVCeleb_v1.2__RealVideo-RealAudio__African__women__id04736__00083.mp4,data\raw\FakeAVCeleb_v1.2\RealVideo-RealAudio\African\women\id04736\00083.mp4,0,RealVideo-RealAudio,African,women,id04736
FakeAVCeleb_v1.2,FakeAVCeleb_v1.2__RealVideo-RealAudio__Asian (East)__men__id00056__00028.mp4,data\raw\FakeAVCeleb_v1.2\RealVideo-RealAudio\Asian (East)\men\id00056\00028.mp4,0,RealVideo-RealAudio,Asian (East),men,id00056
FakeAVCeleb_v1.2,FakeAVCeleb_v1.2__RealVideo-RealAudio__Asian (East)__men__id03965__00051.mp4,data\raw\FakeAVCeleb_v1.2\RealVideo-RealAudio\Asian (East)\men\id03965\00051.mp4,0,RealVideo-RealAudio,Asian (East),men,id03965
FakeAVCeleb_v1.2,FakeAVCeleb_v1.2__RealVideo-RealAudio__Asian (East)__men__id04222__00078.mp4,data\raw\FakeAVCeleb_v1.2\RealVideo-RealAudio\Asian (East)\men\id04222\00078.mp4,0,RealVideo-RealAudio,Asian (East),men,id04222
FakeAVCeleb_v1.2,FakeAVCeleb_v1.2__RealVideo-RealAudio__Asian (East)__men__id04789__002121.mp4,data\raw\FakeAVCeleb_v1.2\RealVideo-RealAudio\Asian (East)\men\id04789\002121.mp4,0,RealVideo-RealAudio,Asian (East),men,id04789
FakeAVCeleb_v1.2,FakeAVCeleb_v1.2__RealVideo-RealAudio__Asian (East)__men__id06591__00021.mp4,data\raw\FakeAVCeleb_v1.2\RealVideo-RealAudio\Asian (East)\men\id06591\00021.mp4,0,RealVideo-RealAudio,Asian (East),men,id06591
FakeAVCeleb_v1.2,FakeAVCeleb_v1.2__RealVideo-RealAudio__Asian (East)__men__id08299__00110.mp4,data\raw\FakeAVCeleb_v1.2\RealVideo-RealAudio\Asian (East)\men\id08299\00110.mp4,0,RealVideo-RealAudio,Asian (East),men,id08299
FakeAVCeleb_v1.2,FakeAVCeleb_v1.2__RealVideo-RealAudio__Asian (East)__women__id02807__00032.mp4,data\raw\FakeAVCeleb_v1.2\RealVideo-RealAudio\Asian (East)\women\id02807\00032.mp4,0,RealVideo-RealAudio,Asian (East),women,id02807
FakeAVCeleb_v1.2,FakeAVCeleb_v1.2__RealVideo-RealAudio__Asian (East)__women__id05844__00072.mp4,data\raw\FakeAVCeleb_v1.2\RealVideo-RealAudio\Asian (East)\women\id05844\00072.mp4,0,RealVideo-RealAudio,Asian (East),women,id05844
FakeAVCeleb_v1.2,FakeAVCeleb_v1.2__RealVideo-RealAudio__Asian (East)__women__id08397__00167.mp4,data\raw\FakeAVCeleb_v1.2\RealVideo-RealAudio\Asian (East)\women\id08397\00167.mp4,0,RealVideo-RealAudio,Asian (East),women,id08397
FakeAVCeleb_v1.2,FakeAVCeleb_v1.2__RealVideo-RealAudio__Asian (East)__women__id09171__00092.mp4,data\raw\FakeAVCeleb_v1.2\RealVideo-RealAudio\Asian (East)\women\id09171\00092.mp4,0,RealVideo-RealAudio,Asian (East),women,id09171
FakeAVCeleb_v1.2,FakeAVCeleb_v1.2__RealVideo-RealAudio__Asian (South)__men__id00459__00382.mp4,data\raw\FakeAVCeleb_v1.2\RealVideo-RealAudio\Asian (South)\men\id00459\00382.mp4,0,RealVideo-RealAudio,Asian (South),men,id00459
FakeAVCeleb_v1.2,FakeAVCeleb_v1.2__RealVideo-RealAudio__Asian (South)__men__id00685__00146.mp4,data\raw\FakeAVCeleb_v1.2\RealVideo-RealAudio\Asian (South)\men\id00685\00146.mp4,0,RealVideo-RealAudio,Asian (South),men,id00685
FakeAVCeleb_v1.2,FakeAVCeleb_v1.2__RealVideo-RealAudio__Asian (South)__men__id04526__00317.mp4,data\raw\FakeAVCeleb_v1.2\RealVideo-RealAudio\Asian (South)\men\id04526\00317.mp4,0,RealVideo-RealAudio,Asian (South),men,id04526
FakeAVCeleb_v1.2,FakeAVCeleb_v1.2__RealVideo-RealAudio__Asian (South)__men__id04599__00111.mp4,data\raw\FakeAVCeleb_v1.2\RealVideo-RealAudio\Asian (South)\men\id04599\00111.mp4,0,RealVideo-RealAudio,Asian (South),men,id04599
FakeAVCeleb_v1.2,FakeAVCeleb_v1.2__RealVideo-RealAudio__Asian (South)__men__id07058__00010.mp4,data\raw\FakeAVCeleb_v1.2\RealVideo-RealAudio\Asian (South)\men\id07058\00010.mp4,0,RealVideo-RealAudio,Asian (South),men,id07058
FakeAVCeleb_v1.2,FakeAVCeleb_v1.2__RealVideo-RealAudio__Asian (South)__men__id07179__00206.mp4,data\raw\FakeAVCeleb_v1.2\RealVideo-RealAudio\Asian (South)\men\id07179\00206.mp4,0,RealVideo-RealAudio,Asian (South),men,id07179
FakeAVCeleb_v1.2,FakeAVCeleb_v1.2__RealVideo-RealAudio__Asian (South)__women__id04582__00180.mp4,data\raw\FakeAVCeleb_v1.2\RealVideo-RealAudio\Asian (South)\women\id04582\00180.mp4,0,RealVideo-RealAudio,Asian (South),women,id04582
FakeAVCeleb_v1.2,FakeAVCeleb_v1.2__RealVideo-RealAudio__Asian (South)__women__id05920__00161.mp4,data\raw\FakeAVCeleb_v1.2\RealVideo-RealAudio\Asian (South)\women\id05920\00161.mp4,0,RealVideo-RealAudio,Asian (South),women,id05920
FakeAVCeleb_v1.2,FakeAVCeleb_v1.2__RealVideo-RealAudio__Caucasian (American)__men__id00060__00307.mp4,data\raw\FakeAVCeleb_v1.2\RealVideo-RealAudio\Caucasian (American)\men\id00060\00307.mp4,0,RealVideo-RealAudio,Caucasian (American),men,id00060
FakeAVCeleb_v1.2,FakeAVCeleb_v1.2__RealVideo-RealAudio__Caucasian (American)__men__id00264__00257.mp4,data\raw\FakeAVCeleb_v1.2\RealVideo-RealAudio\Caucasian (American)\men\id00264\00257.mp4,0,RealVideo-RealAudio,Caucasian (American),men,id00264
FakeAVCeleb_v1.2,FakeAVCeleb_v1.2__RealVideo-RealAudio__Caucasian (American)__men__id01192__00217.mp4,data\raw\FakeAVCeleb_v1.2\RealVideo-RealAudio\Caucasian (American)\men\id01192\00217.mp4,0,RealVideo-RealAudio,Caucasian (American),men,id01192
FakeAVCeleb_v1.2,FakeAVCeleb_v1.2__RealVideo-RealAudio__Caucasian (American)__men__id04219__00130.mp4,data\raw\FakeAVCeleb_v1.2\RealVideo-RealAudio\Caucasian (American)\men\id04219\00130.mp4,0,RealVideo-RealAudio,Caucasian (American),men,id04219
FakeAVCeleb_v1.2,FakeAVCeleb_v1.2__RealVideo-RealAudio__Caucasian (American)__women__id00025__00025.mp4,data\raw\FakeAVCeleb_v1.2\RealVideo-RealAudio\Caucasian (American)\women\id00025\00025.mp4,0,RealVideo-RealAudio,Caucasian (American),women,id00025
FakeAVCeleb_v1.2,FakeAVCeleb_v1.2__RealVideo-RealAudio__Caucasian (American)__women__id00190__00072.mp4,data\raw\FakeAVCeleb_v1.2\RealVideo-RealAudio\Caucasian (American)\women\id00190\00072.mp4,0,RealVideo-RealAudio,Caucasian (American),women,id00190
FakeAVCeleb_v1.2,FakeAVCeleb_v1.2__RealVideo-RealAudio__Caucasian (American)__women__id00841__00078.mp4,data\raw\FakeAVCeleb_v1.2\RealVideo-RealAudio\Caucasian (American)\women\id00841\00078.mp4,0,RealVideo-RealAudio,Caucasian (American),women,id00841
FakeAVCeleb_v1.2,FakeAVCeleb_v1.2__RealVideo-RealAudio__Caucasian (American)__women__id00848__00028.mp4,data\raw\FakeAVCeleb_v1.2\RealVideo-RealAudio\Caucasian (American)\women\id00848\00028.mp4,0,RealVideo-RealAudio,Caucasian (American),women,id00848
FakeAVCeleb_v1.2,FakeAVCeleb_v1.2__RealVideo-RealAudio__Caucasian (European)__men__id00063__00021.mp4,data\raw\FakeAVCeleb_v1.2\RealVideo-RealAudio\Caucasian (European)\men\id00063\00021.mp4,0,RealVideo-RealAudio,Caucasian (European),men,id00063
FakeAVCeleb_v1.2,FakeAVCeleb_v1.2__RealVideo-RealAudio__Caucasian (European)__men__id00225__00078.mp4,data\raw\FakeAVCeleb_v1.2\RealVideo-RealAudio\Caucasian (European)\men\id00225\00078.mp4,0,RealVideo-RealAudio,Caucasian (European),men,id00225
FakeAVCeleb_v1.2,FakeAVCeleb_v1.2__RealVideo-RealAudio__Caucasian (European)__men__id00241__00015.mp4,data\raw\FakeAVCeleb_v1.2\RealVideo-RealAudio\Caucasian (European)\men\id00241\00015.mp4,0,RealVideo-RealAudio,Caucasian (European),men,id00241
FakeAVCeleb_v1.2,FakeAVCeleb_v1.2__RealVideo-RealAudio__Caucasian (European)__men__id00548__00015.mp4,data\raw\FakeAVCeleb_v1.2\RealVideo-RealAudio\Caucasian (European)\men\id00548\00015.mp4,0,RealVideo-RealAudio,Caucasian (European),men,id00548
FakeAVCeleb_v1.2,FakeAVCeleb_v1.2__RealVideo-RealAudio__Caucasian (European)__men__id01123__00072.mp4,data\raw\FakeAVCeleb_v1.2\RealVideo-RealAudio\Caucasian (European)\men\id01123\00072.mp4,0,RealVideo-RealAudio,Caucasian (European),men,id01123
FakeAVCeleb_v1.2,FakeAVCeleb_v1.2__RealVideo-RealAudio__Caucasian (European)__men__id01126__00040.mp4,data\raw\FakeAVCeleb_v1.2\RealVideo-RealAudio\Caucasian (European)\men\id01126\00040.mp4,0,RealVideo-RealAudio,Caucasian (European),men,id01126
FakeAVCeleb_v1.2,FakeAVCeleb_v1.2__RealVideo-RealAudio__Caucasian (European)__women__id00068__00004.mp4,data\raw\FakeAVCeleb_v1.2\RealVideo-RealAudio\Caucasian (European)\women\id00068\00004.mp4,0,RealVideo-RealAudio,Caucasian (European),women,id00068
FakeAVCeleb_v1.2,FakeAVCeleb_v1.2__RealVideo-RealAudio__Caucasian (European)__women__id00330__00118.mp4,data\raw\FakeAVCeleb_v1.2\RealVideo-RealAudio\Caucasian (European)\women\id00330\00118.mp4,0,RealVideo-RealAudio,Caucasian (European),women,id00330
FakeAVCeleb_v1.2,FakeAVCeleb_v1.2__RealVideo-RealAudio__Caucasian (European)__women__id00491__00122.mp4,data\raw\FakeAVCeleb_v1.2\RealVideo-RealAudio\Caucasian (European)\women\id00491\00122.mp4,0,RealVideo-RealAudio,Caucasian (European),women,id00491
FakeAVCeleb_v1.2,FakeAVCeleb_v1.2__RealVideo-RealAudio__Caucasian (European)__women__id00495__00027.mp4,data\raw\FakeAVCeleb_v1.2\RealVideo-RealAudio\Caucasian (European)\women\id00495\00027.mp4,0,RealVideo-RealAudio,Caucasian (European),women,id00495
FakeAVCeleb_v1.2,FakeAVCeleb_v1.2__RealVideo-RealAudio__Caucasian (European)__women__id00496__00015.mp4,data\raw\FakeAVCeleb_v1.2\RealVideo-RealAudio\Caucasian (European)\women\id00496\00015.mp4,0,RealVideo-RealAudio,Caucasian (European),women,id00496
FakeAVCeleb_v1.2,FakeAVCeleb_v1.2__RealVideo-RealAudio__Caucasian (European)__women__id00634__00078.mp4,data\raw\FakeAVCeleb_v1.2\RealVideo-RealAudio\Caucasian (European)\women\id00634\00078.mp4,0,RealVideo-RealAudio,Caucasian (European),women,id00634
FakeAVCeleb_v1.2,FakeAVCeleb_v1.2__FakeVideo-FakeAudio__African__men__id00366__00118_id00076_Isiq7cA-DNE_faceswap_id01170_wavtolip.mp4,data\raw\FakeAVCeleb_v1.2\FakeVideo-FakeAudio\African\men\id00366\00118_id00076_Isiq7cA-DNE_faceswap_id01170_wavtolip.mp4,1,FakeVideo-FakeAudio,African,men,id00366
FakeAVCeleb_v1.2,FakeAVCeleb_v1.2__FakeVideo-FakeAudio__African__men__id00366__00118_id00076_Isiq7cA-DNE_faceswap_id01779_wavtolip.mp4,data\raw\FakeAVCeleb_v1.2\FakeVideo-FakeAudio\African\men\id00366\00118_id00076_Isiq7cA-DNE_faceswap_id01779_wavtolip.mp4,1,FakeVideo-FakeAudio,African,men,id00366
FakeAVCeleb_v1.2,FakeAVCeleb_v1.2__FakeVideo-FakeAudio__African__men__id00366__00118_id00076_Isiq7cA-DNE_faceswap_id02316_wavtolip.mp4,data\raw\FakeAVCeleb_v1.2\FakeVideo-FakeAudio\African\men\id00366\00118_id00076_Isiq7cA-DNE_faceswap_id02316_wavtolip.mp4,1,FakeVideo-FakeAudio,African,men,id00366
FakeAVCeleb_v1.2,FakeAVCeleb_v1.2__FakeVideo-FakeAudio__African__men__id00366__00118_id00076_Isiq7cA-DNE_faceswap_id02342_wavtolip.mp4,data\raw\FakeAVCeleb_v1.2\FakeVideo-FakeAudio\African\men\id00366\00118_id00076_Isiq7cA-DNE_faceswap_id02342_wavtolip.mp4,1,FakeVideo-FakeAudio,African,men,id00366
FakeAVCeleb_v1.2,FakeAVCeleb_v1.2__FakeVideo-FakeAudio__African__men__id00366__00118_id00076_Isiq7cA-DNE_faceswap_id02494_wavtolip.mp4,data\raw\FakeAVCeleb_v1.2\FakeVideo-FakeAudio\African\men\id00366\00118_id00076_Isiq7cA-DNE_faceswap_id02494_wavtolip.mp4,1,FakeVideo-FakeAudio,African,men,id00366
FakeAVCeleb_v1.2,FakeAVCeleb_v1.2__FakeVideo-FakeAudio__African__men__id00366__00118_id00076_Isiq7cA-DNE_id00944_wavtolip.mp4,data\raw\FakeAVCeleb_v1.2\FakeVideo-FakeAudio\African\men\id00366\00118_id00076_Isiq7cA-DNE_id00944_wavtolip.mp4,1,FakeVideo-FakeAudio,African,men,id00366
FakeAVCeleb_v1.2,FakeAVCeleb_v1.2__FakeVideo-FakeAudio__African__men__id00366__00118_id00476_UgdYVJ6xPYg_id00076_wavtolip.mp4,data\raw\FakeAVCeleb_v1.2\FakeVideo-FakeAudio\African\men\id00366\00118_id00476_UgdYVJ6xPYg_id00076_wavtolip.mp4,1,FakeVideo-FakeAudio,African,men,id00366
FakeAVCeleb_v1.2,FakeAVCeleb_v1.2__FakeVideo-FakeAudio__African__men__id00366__00118_id00781_fvsSae9yc0A_id01597_wavtolip.mp4,data\raw\FakeAVCeleb_v1.2\FakeVideo-FakeAudio\African\men\id00366\00118_id00781_fvsSae9yc0A_id01597_wavtolip.mp4,1,FakeVideo-FakeAudio,African,men,id00366
FakeAVCeleb_v1.2,FakeAVCeleb_v1.2__FakeVideo-FakeAudio__African__men__id00366__00118_id00781_wavtolip.mp4,data\raw\FakeAVCeleb_v1.2\FakeVideo-FakeAudio\African\men\id00366\00118_id00781_wavtolip.mp4,1,FakeVideo-FakeAudio,African,men,id00366
FakeAVCeleb_v1.2,FakeAVCeleb_v1.2__FakeVideo-FakeAudio__African__men__id00366__00118_id01170_wavtolip.mp4,data\raw\FakeAVCeleb_v1.2\FakeVideo-FakeAudio\African\men\id00366\00118_id01170_wavtolip.mp4,1,FakeVideo-FakeAudio,African,men,id00366
FakeAVCeleb_v1.2,FakeAVCeleb_v1.2__FakeVideo-FakeAudio__African__men__id00366__00118_id01207_mt129WTRSII_id02316_wavtolip.mp4,data\raw\FakeAVCeleb_v1.2\FakeVideo-FakeAudio\African\men\id00366\00118_id01207_mt129WTRSII_id02316_wavtolip.mp4,1,FakeVideo-FakeAudio,African,men,id00366
FakeAVCeleb_v1.2,FakeAVCeleb_v1.2__FakeVideo-FakeAudio__African__men__id00366__00118_id01236_wavtolip.mp4,data\raw\FakeAVCeleb_v1.2\FakeVideo-FakeAudio\African\men\id00366\00118_id01236_wavtolip.mp4,1,FakeVideo-FakeAudio,African,men,id00366
FakeAVCeleb_v1.2,FakeAVCeleb_v1.2__FakeVideo-FakeAudio__African__men__id00366__00118_id01528_wavtolip.mp4,data\raw\FakeAVCeleb_v1.2\FakeVideo-FakeAudio\African\men\id00366\00118_id01528_wavtolip.mp4,1,FakeVideo-FakeAudio,African,men,id00366
FakeAVCeleb_v1.2,FakeAVCeleb_v1.2__FakeVideo-FakeAudio__African__men__id00366__00118_id01544_uBo9585VW2A_id02342_wavtolip.mp4,data\raw\FakeAVCeleb_v1.2\FakeVideo-FakeAudio\African\men\id00366\00118_id01544_uBo9585VW2A_id02342_wavtolip.mp4,1,FakeVideo-FakeAudio,African,men,id00366
FakeAVCeleb_v1.2,FakeAVCeleb_v1.2__FakeVideo-FakeAudio__African__men__id00366__00118_id01598_wavtolip.mp4,data\raw\FakeAVCeleb_v1.2\FakeVideo-FakeAudio\African\men\id00366\00118_id01598_wavtolip.mp4,1,FakeVideo-FakeAudio,African,men,id00366
FakeAVCeleb_v1.2,FakeAVCeleb_v1.2__FakeVideo-FakeAudio__African__men__id00366__00118_id01637_5VjcPZm8knM_id01835_wavtolip.mp4,data\raw\FakeAVCeleb_v1.2\FakeVideo-FakeAudio\African\men\id00366\00118_id01637_5VjcPZm8knM_id01835_wavtolip.mp4,1,FakeVideo-FakeAudio,African,men,id00366
FakeAVCeleb_v1.2,FakeAVCeleb_v1.2__FakeVideo-FakeAudio__African__men__id00366__00118_id01691_IVtS5z8Jrrk_id01597_wavtolip.mp4,data\raw\FakeAVCeleb_v1.2\FakeVideo-FakeAudio\African\men\id00366\00118_id01691_IVtS5z8Jrrk_id01597_wavtolip.mp4,1,FakeVideo-FakeAudio,African,men,id00366
FakeAVCeleb_v1.2,FakeAVCeleb_v1.2__FakeVideo-FakeAudio__African__men__id00366__00118_id01717_JDW6p8yU13A_id01856_wavtolip.mp4,data\raw\FakeAVCeleb_v1.2\FakeVideo-FakeAudio\African\men\id00366\00118_id01717_JDW6p8yU13A_id01856_wavtolip.mp4,1,FakeVideo-FakeAudio,African,men,id00366
FakeAVCeleb_v1.2,FakeAVCeleb_v1.2__FakeVideo-FakeAudio__African__men__id00366__00118_id01717_wavtolip.mp4,data\raw\FakeAVCeleb_v1.2\FakeVideo-FakeAudio\African\men\id00366\00118_id01717_wavtolip.mp4,1,FakeVideo-FakeAudio,African,men,id00366
FakeAVCeleb_v1.2,FakeAVCeleb_v1.2__FakeVideo-FakeAudio__African__men__id00366__00118_id01835_wavtolip.mp4,data\raw\FakeAVCeleb_v1.2\FakeVideo-FakeAudio\African\men\id00366\00118_id01835_wavtolip.mp4,1,FakeVideo-FakeAudio,African,men,id00366
FakeAVCeleb_v1.2,FakeAVCeleb_v1.2__FakeVideo-FakeAudio__African__men__id00366__00118_id01856_wavtolip.mp4,data\raw\FakeAVCeleb_v1.2\FakeVideo-FakeAudio\African\men\id00366\00118_id01856_wavtolip.mp4,1,FakeVideo-FakeAudio,African,men,id00366
FakeAVCeleb_v1.2,FakeAVCeleb_v1.2__FakeVideo-FakeAudio__African__men__id00366__00118_id01920_w9C_knCPD94_id01170_wavtolip.mp4,data\raw\FakeAVCeleb_v1.2\FakeVideo-FakeAudio\African\men\id00366\00118_id01920_w9C_knCPD94_id01170_wavtolip.mp4,1,FakeVideo-FakeAudio,African,men,id00366
FakeAVCeleb_v1.2,FakeAVCeleb_v1.2__FakeVideo-FakeAudio__African__men__id00366__00118_id02005_7_Egh9mW5y4_id01544_wavtolip.mp4,data\raw\FakeAVCeleb_v1.2\FakeVideo-FakeAudio\African\men\id00366\00118_id02005_7_Egh9mW5y4_id01544_wavtolip.mp4,1,FakeVideo-FakeAudio,African,men,id00366
FakeAVCeleb_v1.2,FakeAVCeleb_v1.2__FakeVideo-FakeAudio__African__men__id00366__00118_id02005_wavtolip.mp4,data\raw\FakeAVCeleb_v1.2\FakeVideo-FakeAudio\African\men\id00366\00118_id02005_wavtolip.mp4,1,FakeVideo-FakeAudio,African,men,id00366
FakeAVCeleb_v1.2,FakeAVCeleb_v1.2__FakeVideo-FakeAudio__African__men__id00366__00118_id02268_wavtolip.mp4,data\raw\FakeAVCeleb_v1.2\FakeVideo-FakeAudio\African\men\id00366\00118_id02268_wavtolip.mp4,1,FakeVideo-FakeAudio,African,men,id00366
FakeAVCeleb_v1.2,FakeAVCeleb_v1.2__FakeVideo-FakeAudio__African__men__id00518__00031_0_id00166_wavtolip.mp4,data\raw\FakeAVCeleb_v1.2\FakeVideo-FakeAudio\African\men\id00518\00031_0_id00166_wavtolip.mp4,1,FakeVideo-FakeAudio,African,men,id00518
FakeAVCeleb_v1.2,FakeAVCeleb_v1.2__FakeVideo-FakeAudio__African__men__id00518__00031_0_id00391_wavtolip.mp4,data\raw\FakeAVCeleb_v1.2\FakeVideo-FakeAudio\African\men\id00518\00031_0_id00391_wavtolip.mp4,1,FakeVideo-FakeAudio,African,men,id00518
FakeAVCeleb_v1.2,FakeAVCeleb_v1.2__FakeVideo-FakeAudio__African__men__id00518__00031_0_id00830_wavtolip.mp4,data\raw\FakeAVCeleb_v1.2\FakeVideo-FakeAudio\African\men\id00518\00031_0_id00830_wavtolip.mp4,1,FakeVideo-FakeAudio,African,men,id00518
FakeAVCeleb_v1.2,FakeAVCeleb_v1.2__FakeVideo-FakeAudio__African__men__id00518__00031_0_id01170_wavtolip.mp4,data\raw\FakeAVCeleb_v1.2\FakeVideo-FakeAudio\African\men\id00518\00031_0_id01170_wavtolip.mp4,1,FakeVideo-FakeAudio,African,men,id00518
FakeAVCeleb_v1.2,FakeAVCeleb_v1.2__FakeVideo-FakeAudio__African__men__id00518__00031_0_id02268_wavtolip.mp4,data\raw\FakeAVCeleb_v1.2\FakeVideo-FakeAudio\African\men\id00518\00031_0_id02268_wavtolip.mp4,1,FakeVideo-FakeAudio,African,men,id00518
FakeAVCeleb_v1.2,FakeAVCeleb_v1.2__FakeVideo-FakeAudio__African__men__id00518__00031_1_id00478_wavtolip.mp4,data\raw\FakeAVCeleb_v1.2\FakeVideo-FakeAudio\African\men\id00518\00031_1_id00478_wavtolip.mp4,1,FakeVideo-FakeAudio,African,men,id00518
FakeAVCeleb_v1.2,FakeAVCeleb_v1.2__FakeVideo-FakeAudio__African__men__id00518__00031_1_id00987_wavtolip.mp4,data\raw\FakeAVCeleb_v1.2\FakeVideo-FakeAudio\African\men\id00518\00031_1_id00987_wavtolip.mp4,1,FakeVideo-FakeAudio,African,men,id00518
FakeAVCeleb_v1.2,FakeAVCeleb_v1.2__FakeVideo-FakeAudio__African__men__id00518__00031_1_id01076_wavtolip.mp4,data\raw\FakeAVCeleb_v1.2\FakeVideo-FakeAudio\African\men\id00518\00031_1_id01076_wavtolip.mp4,1,FakeVideo-FakeAudio,African,men,id00518
FakeAVCeleb_v1.2,FakeAVCeleb_v1.2__FakeVideo-FakeAudio__African__men__id00518__00031_1_id01207_wavtolip.mp4,data\raw\FakeAVCeleb_v1.2\FakeVideo-FakeAudio\African\men\id00518\00031_1_id01207_wavtolip.mp4,1,FakeVideo-FakeAudio,African,men,id00518
FakeAVCeleb_v1.2,FakeAVCeleb_v1.2__FakeVideo-FakeAudio__African__men__id00518__00031_1_id02494_wavtolip.mp4,data\raw\FakeAVCeleb_v1.2\FakeVideo-FakeAudio\African\men\id00518\00031_1_id02494_wavtolip.mp4,1,FakeVideo-FakeAudio,African,men,id00518
FakeAVCeleb_v1.2,FakeAVCeleb_v1.2__FakeVideo-FakeAudio__African__men__id00518__00031_2_id01544_wavtolip.mp4,data\raw\FakeAVCeleb_v1.2\FakeVideo-FakeAudio\African\men\id00518\00031_2_id01544_wavtolip.mp4,1,FakeVideo-FakeAudio,African,men,id00518
FakeAVCeleb_v1.2,FakeAVCeleb_v1.2__FakeVideo-FakeAudio__African__men__id00518__00031_2_id01598_wavtolip.mp4,data\raw\FakeAVCeleb_v1.2\FakeVideo-FakeAudio\African\men\id00518\00031_2_id01598_wavtolip.mp4,1,FakeVideo-FakeAudio,African,men,id00518
FakeAVCeleb_v1.2,FakeAVCeleb_v1.2__FakeVideo-FakeAudio__African__men__id00518__00031_2_id01717_wavtolip.mp4,data\raw\FakeAVCeleb_v1.2\FakeVideo-FakeAudio\African\men\id00518\00031_2_id01717_wavtolip.mp4,1,FakeVideo-FakeAudio,African,men,id00518
FakeAVCeleb_v1.2,FakeAVCeleb_v1.2__FakeVideo-FakeAudio__African__men__id00518__00031_2_id01835_wavtolip.mp4,data\raw\FakeAVCeleb_v1.2\FakeVideo-FakeAudio\African\men\id00518\00031_2_id01835_wavtolip.mp4,1,FakeVideo-FakeAudio,African,men,id00518
FakeAVCeleb_v1.2,FakeAVCeleb_v1.2__FakeVideo-FakeAudio__African__men__id00518__00031_2_id02296_wavtolip.mp4,data\raw\FakeAVCeleb_v1.2\FakeVideo-FakeAudio\African\men\id00518\00031_2_id02296_wavtolip.mp4,1,FakeVideo-FakeAudio,African,men,id00518
FakeAVCeleb_v1.2,FakeAVCeleb_v1.2__FakeVideo-FakeAudio__African__men__id00518__00031_3_id00475_wavtolip.mp4,data\raw\FakeAVCeleb_v1.2\FakeVideo-FakeAudio\African\men\id00518\00031_3_id00475_wavtolip.mp4,1,FakeVideo-FakeAudio,African,men,id00518
FakeAVCeleb_v1.2,FakeAVCeleb_v1.2__FakeVideo-FakeAudio__African__men__id00518__00031_3_id01528_wavtolip.mp4,data\raw\FakeAVCeleb_v1.2\FakeVideo-FakeAudio\African\men\id00518\00031_3_id01528_wavtolip.mp4,1,FakeVideo-FakeAudio,African,men,id00518
FakeAVCeleb_v1.2,FakeAVCeleb_v1.2__FakeVideo-FakeAudio__African__men__id00518__00031_3_id01691_wavtolip.mp4,data\raw\FakeAVCeleb_v1.2\FakeVideo-FakeAudio\African\men\id00518\00031_3_id01691_wavtolip.mp4,1,FakeVideo-FakeAudio,African,men,id00518
FakeAVCeleb_v1.2,FakeAVCeleb_v1.2__FakeVideo-FakeAudio__African__men__id00518__00031_3_id02040_wavtolip.mp4,data\raw\FakeAVCeleb_v1.2\FakeVideo-FakeAudio\African\men\id00518\00031_3_id02040_wavtolip.mp4,1,FakeVideo-FakeAudio,African,men,id00518
FakeAVCeleb_v1.2,FakeAVCeleb_v1.2__FakeVideo-FakeAudio__African__men__id00518__00031_3_id02268_wavtolip.mp4,data\raw\FakeAVCeleb_v1.2\FakeVideo-FakeAudio\African\men\id00518\00031_3_id02268_wavtolip.mp4,1,FakeVideo-FakeAudio,African,men,id00518
FakeAVCeleb_v1.2,FakeAVCeleb_v1.2__FakeVideo-FakeAudio__African__men__id00518__00031_id00701_wavtolip.mp4,data\raw\FakeAVCeleb_v1.2\FakeVideo-FakeAudio\African\men\id00518\00031_id00701_wavtolip.mp4,1,FakeVideo-FakeAudio,African,men,id00518
FakeAVCeleb_v1.2,FakeAVCeleb_v1.2__FakeVideo-FakeAudio__African__men__id00518__00031_id00781_wavtolip.mp4,data\raw\FakeAVCeleb_v1.2\FakeVideo-FakeAudio\African\men\id00518\00031_id00781_wavtolip.mp4,1,FakeVideo-FakeAudio,African,men,id00518
FakeAVCeleb_v1.2,FakeAVCeleb_v1.2__FakeVideo-FakeAudio__African__men__id00518__00031_id00830_rfl3Teg9uew_id00173_wavtolip.mp4,data\raw\FakeAVCeleb_v1.2\FakeVideo-FakeAudio\African\men\id00518\00031_id00830_rfl3Teg9uew_id00173_wavtolip.mp4,1,FakeVideo-FakeAudio,African,men,id00518
FakeAVCeleb_v1.2,FakeAVCeleb_v1.2__FakeVideo-FakeAudio__African__men__id00518__00031_id01036_wavtolip.mp4,data\raw\FakeAVCeleb_v1.2\FakeVideo-FakeAudio\African\men\id00518\00031_id01036_wavtolip.mp4,1,FakeVideo-FakeAudio,African,men,id00518
FakeAVCeleb_v1.2,FakeAVCeleb_v1.2__FakeVideo-FakeAudio__African__men__id00518__00031_id01179_wavtolip.mp4,data\raw\FakeAVCeleb_v1.2\FakeVideo-FakeAudio\African\men\id00518\00031_id01179_wavtolip.mp4,1,FakeVideo-FakeAudio,African,men,id00518
FakeAVCeleb_v1.2,FakeAVCeleb_v1.2__FakeVideo-FakeAudio__African__men__id00518__00031_id01528_wavtolip.mp4,data\raw\FakeAVCeleb_v1.2\FakeVideo-FakeAudio\African\men\id00518\00031_id01528_wavtolip.mp4,1,FakeVideo-FakeAudio,African,men,id00518
FakeAVCeleb_v1.2,FakeAVCeleb_v1.2__FakeVideo-FakeAudio__African__men__id00518__00031_id01597_52WEZxe4_GE_id02268_wavtolip.mp4,data\raw\FakeAVCeleb_v1.2\FakeVideo-FakeAudio\African\men\id00518\00031_id01597_52WEZxe4_GE_id02268_wavtolip.mp4,1,FakeVideo-FakeAudio,African,men,id00518
FakeAVCeleb_v1.2,FakeAVCeleb_v1.2__FakeVideo-FakeAudio__African__men__id00518__00031_id01972_wavtolip.mp4,data\raw\FakeAVCeleb_v1.2\FakeVideo-FakeAudio\African\men\id00518\00031_id01972_wavtolip.mp4,1,FakeVideo-FakeAudio,African,men,id00518
FakeAVCeleb_v1.2,FakeAVCeleb_v1.2__FakeVideo-FakeAudio__African__men__id00518__00031_id01995_wavtolip.mp4,data\raw\FakeAVCeleb_v1.2\FakeVideo-FakeAudio\African\men\id00518\00031_id01995_wavtolip.mp4,1,FakeVideo-FakeAudio,African,men,id00518
FakeAVCeleb_v1.2,FakeAVCeleb_v1.2__FakeVideo-FakeAudio__African__men__id00518__00031_id02040_wavtolip.mp4,data\raw\FakeAVCeleb_v1.2\FakeVideo-FakeAudio\African\men\id00518\00031_id02040_wavtolip.mp4,1,FakeVideo-FakeAudio,African,men,id00518
FakeAVCeleb_v1.2,FakeAVCeleb_v1.2__FakeVideo-FakeAudio__African__men__id00518__00031_id02268_irA9myDvW-I_id01610_wavtolip.mp4,data\raw\FakeAVCeleb_v1.2\FakeVideo-FakeAudio\African\men\id00518\00031_id02268_irA9myDvW-I_id01610_wavtolip.mp4,1,FakeVideo-FakeAudio,African,men,id00518
FakeAVCeleb_v1.2,FakeAVCeleb_v1.2__FakeVideo-FakeAudio__African__men__id00518__00031_id02268_wavtolip.mp4,data\raw\FakeAVCeleb_v1.2\FakeVideo-FakeAudio\African\men\id00518\00031_id02268_wavtolip.mp4,1,FakeVideo-FakeAudio,African,men,id00518
FakeAVCeleb_v1.2,FakeAVCeleb_v1.2__FakeVideo-FakeAudio__African__men__id00518__00031_id02316_yrrNcmZ-xmI_id01452_wavtolip.mp4,data\raw\FakeAVCeleb_v1.2\FakeVideo-FakeAudio\African\men\id00518\00031_id02316_yrrNcmZ-xmI_id01452_wavtolip.mp4,1,FakeVideo-FakeAudio,African,men,id00518
FakeAVCeleb_v1.2,FakeAVCeleb_v1.2__FakeVideo-FakeAudio__African__men__id00518__00031_id02494_lObg47hQleE_id01179_wavtolip.mp4,data\raw\FakeAVCeleb_v1.2\FakeVideo-FakeAudio\African\men\id00518\00031_id02494_lObg47hQleE_id01179_wavtolip.mp4,1,FakeVideo-FakeAudio,African,men,id00518
FakeAVCeleb_v1.2,FakeAVCeleb_v1.2__FakeVideo-FakeAudio__African__men__id01597__00005_0_id00076_wavtolip.mp4,data\raw\FakeAVCeleb_v1.2\FakeVideo-FakeAudio\African\men\id01597\00005_0_id00076_wavtolip.mp4,1,FakeVideo-FakeAudio,African,men,id01597
FakeAVCeleb_v1.2,FakeAVCeleb_v1.2__FakeVideo-FakeAudio__African__men__id01597__00005_1_id01171_wavtolip.mp4,data\raw\FakeAVCeleb_v1.2\FakeVideo-FakeAudio\African\men\id01597\00005_1_id01171_wavtolip.mp4,1,FakeVideo-FakeAudio,African,men,id01597
FakeAVCeleb_v1.2,FakeAVCeleb_v1.2__FakeVideo-FakeAudio__African__men__id01597__00005_1_id01392_wavtolip.mp4,data\raw\FakeAVCeleb_v1.2\FakeVideo-FakeAudio\African\men\id01597\00005_1_id01392_wavtolip.mp4,1,FakeVideo-FakeAudio,African,men,id01597
FakeAVCeleb_v1.2,FakeAVCeleb_v1.2__FakeVideo-FakeAudio__African__men__id01597__00005_1_id01544_wavtolip.mp4,data\raw\FakeAVCeleb_v1.2\FakeVideo-FakeAudio\African\men\id01597\00005_1_id01544_wavtolip.mp4,1,FakeVideo-FakeAudio,African,men,id01597
FakeAVCeleb_v1.2,FakeAVCeleb_v1.2__FakeVideo-FakeAudio__African__men__id01597__00005_1_id02005_wavtolip.mp4,data\raw\FakeAVCeleb_v1.2\FakeVideo-FakeAudio\African\men\id01597\00005_1_id02005_wavtolip.mp4,1,FakeVideo-FakeAudio,African,men,id01597
FakeAVCeleb_v1.2,FakeAVCeleb_v1.2__FakeVideo-FakeAudio__African__men__id01597__00005_1_id02494_wavtolip.mp4,data\raw\FakeAVCeleb_v1.2\FakeVideo-FakeAudio\African\men\id01597\00005_1_id02494_wavtolip.mp4,1,FakeVideo-FakeAudio,African,men,id01597
FakeAVCeleb_v1.2,FakeAVCeleb_v1.2__FakeVideo-FakeAudio__African__men__id01597__00005_2_id00987_wavtolip.mp4,data\raw\FakeAVCeleb_v1.2\FakeVideo-FakeAudio\African\men\id01597\00005_2_id00987_wavtolip.mp4,1,FakeVideo-FakeAudio,African,men,id01597
FakeAVCeleb_v1.2,FakeAVCeleb_v1.2__FakeVideo-FakeAudio__African__men__id01597__00005_2_id01236_wavtolip.mp4,data\raw\FakeAVCeleb_v1.2\FakeVideo-FakeAudio\African\men\id01597\00005_2_id01236_wavtolip.mp4,1,FakeVideo-FakeAudio,African,men,id01597
FakeAVCeleb_v1.2,FakeAVCeleb_v1.2__FakeVideo-FakeAudio__African__men__id01597__00005_2_id01995_wavtolip.mp4,data\raw\FakeAVCeleb_v1.2\FakeVideo-FakeAudio\African\men\id01597\00005_2_id01995_wavtolip.mp4,1,FakeVideo-FakeAudio,African,men,id01597
FakeAVCeleb_v1.2,FakeAVCeleb_v1.2__FakeVideo-FakeAudio__African__men__id01597__00005_2_id02040_wavtolip.mp4,data\raw\FakeAVCeleb_v1.2\FakeVideo-FakeAudio\African\men\id01597\00005_2_id02040_wavtolip.mp4,1,FakeVideo-FakeAudio,African,men,id01597
FakeAVCeleb_v1.2,FakeAVCeleb_v1.2__FakeVideo-FakeAudio__African__men__id01597__00005_2_id02494_wavtolip.mp4,data\raw\FakeAVCeleb_v1.2\FakeVideo-FakeAudio\African\men\id01597\00005_2_id02494_wavtolip.mp4,1,FakeVideo-FakeAudio,African,men,id01597
FakeAVCeleb_v1.2,FakeAVCeleb_v1.2__FakeVideo-FakeAudio__African__men__id01597__00005_3_id00761_wavtolip.mp4,data\raw\FakeAVCeleb_v1.2\FakeVideo-FakeAudio\African\men\id01597\00005_3_id00761_wavtolip.mp4,1,FakeVideo-FakeAudio,African,men,id01597
FakeAVCeleb_v1.2,FakeAVCeleb_v1.2__FakeVideo-FakeAudio__African__men__id01597__00005_3_id00781_wavtolip.mp4,data\raw\FakeAVCeleb_v1.2\FakeVideo-FakeAudio\African\men\id01597\00005_3_id00781_wavtolip.mp4,1,FakeVideo-FakeAudio,African,men,id01597
FakeAVCeleb_v1.2,FakeAVCeleb_v1.2__FakeVideo-FakeAudio__African__men__id01597__00005_3_id01528_wavtolip.mp4,data\raw\FakeAVCeleb_v1.2\FakeVideo-FakeAudio\African\men\id01597\00005_3_id01528_wavtolip.mp4,1,FakeVideo-FakeAudio,African,men,id01597
FakeAVCeleb_v1.2,FakeAVCeleb_v1.2__FakeVideo-FakeAudio__African__men__id01597__00005_3_id01920_wavtolip.mp4,data\raw\FakeAVCeleb_v1.2\FakeVideo-FakeAudio\African\men\id01597\00005_3_id01920_wavtolip.mp4,1,FakeVideo-FakeAudio,African,men,id01597
FakeAVCeleb_v1.2,FakeAVCeleb_v1.2__FakeVideo-FakeAudio__African__men__id01597__00005_3_id02268_wavtolip.mp4,data\raw\FakeAVCeleb_v1.2\FakeVideo-FakeAudio\African\men\id01597\00005_3_id02268_wavtolip.mp4,1,FakeVideo-FakeAudio,African,men,id01597
FakeAVCeleb_v1.2,FakeAVCeleb_v1.2__FakeVideo-FakeAudio__African__men__id01597__00005_id00173_wavtolip.mp4,data\raw\FakeAVCeleb_v1.2\FakeVideo-FakeAudio\African\men\id01597\00005_id00173_wavtolip.mp4,1,FakeVideo-FakeAudio,African,men,id01597
FakeAVCeleb_v1.2,FakeAVCeleb_v1.2__FakeVideo-FakeAudio__African__men__id01597__00005_id00391_TjJgUZaenWI_id01717_wavtolip.mp4,data\raw\FakeAVCeleb_v1.2\FakeVideo-FakeAudio\African\men\id01597\00005_id00391_TjJgUZaenWI_id01717_wavtolip.mp4,1,FakeVideo-FakeAudio,African,men,id01597
FakeAVCeleb_v1.2,FakeAVCeleb_v1.2__FakeVideo-FakeAudio__African__men__id01597__00005_id00476_wavtolip.mp4,data\raw\FakeAVCeleb_v1.2\FakeVideo-FakeAudio\African\men\id01597\00005_id00476_wavtolip.mp4,1,FakeVideo-FakeAudio,African,men,id01597
FakeAVCeleb_v1.2,FakeAVCeleb_v1.2__FakeVideo-FakeAudio__African__men__id01597__00005_id00701_lW6uzLIOwd0_id00701_wavtolip.mp4,data\raw\FakeAVCeleb_v1.2\FakeVideo-FakeAudio\African\men\id01597\00005_id00701_lW6uzLIOwd0_id00701_wavtolip.mp4,1,FakeVideo-FakeAudio,African,men,id01597
FakeAVCeleb_v1.2,FakeAVCeleb_v1.2__FakeVideo-FakeAudio__African__men__id01597__00005_id00830_rfl3Teg9uew_id01530_wavtolip.mp4,data\raw\FakeAVCeleb_v1.2\FakeVideo-FakeAudio\African\men\id01597\00005_id00830_rfl3Teg9uew_id01530_wavtolip.mp4,1,FakeVideo-FakeAudio,African,men,id01597
FakeAVCeleb_v1.2,FakeAVCeleb_v1.2__FakeVideo-FakeAudio__African__men__id01597__00005_id00944_wavtolip.mp4,data\raw\FakeAVCeleb_v1.2\FakeVideo-FakeAudio\African\men\id01597\00005_id00944_wavtolip.mp4,1,FakeVideo-FakeAudio,African,men,id01597
FakeAVCeleb_v1.2,FakeAVCeleb_v1.2__FakeVideo-FakeAudio__African__men__id01597__00005_id01170_7eoTTk4xyNo_id00391_wavtolip.mp4,data\raw\FakeAVCeleb_v1.2\FakeVideo-FakeAudio\African\men\id01597\00005_id01170_7eoTTk4xyNo_id00391_wavtolip.mp4,1,FakeVideo-FakeAudio,African,men,id01597
FakeAVCeleb_v1.2,FakeAVCeleb_v1.2__FakeVideo-FakeAudio__African__men__id01597__00005_id01171_wavtolip.mp4,data\raw\FakeAVCeleb_v1.2\FakeVideo-FakeAudio\African\men\id01597\00005_id01171_wavtolip.mp4,1,FakeVideo-FakeAudio,African,men,id01597
FakeAVCeleb_v1.2,FakeAVCeleb_v1.2__FakeVideo-FakeAudio__African__men__id01597__00005_id01392_fF-g0KFJ7lg_id01717_wavtolip.mp4,data\raw\FakeAVCeleb_v1.2\FakeVideo-FakeAudio\African\men\id01597\00005_id01392_fF-g0KFJ7lg_id01717_wavtolip.mp4,1,FakeVideo-FakeAudio,African,men,id01597
FakeAVCeleb_v1.2,FakeAVCeleb_v1.2__FakeVideo-FakeAudio__African__men__id01597__00005_id01392_wavtolip.mp4,data\raw\FakeAVCeleb_v1.2\FakeVideo-FakeAudio\African\men\id01597\00005_id01392_wavtolip.mp4,1,FakeVideo-FakeAudio,African,men,id01597
FakeAVCeleb_v1.2,FakeAVCeleb_v1.2__FakeVideo-FakeAudio__African__men__id01597__00005_id01452_wavtolip.mp4,data\raw\FakeAVCeleb_v1.2\FakeVideo-FakeAudio\African\men\id01597\00005_id01452_wavtolip.mp4,1,FakeVideo-FakeAudio,African,men,id01597
FakeAVCeleb_v1.2,FakeAVCeleb_v1.2__FakeVideo-FakeAudio__African__men__id01597__00005_id01637_wavtolip.mp4,data\raw\FakeAVCeleb_v1.2\FakeVideo-FakeAudio\African\men\id01597\00005_id01637_wavtolip.mp4,1,FakeVideo-FakeAudio,African,men,id01597
FakeAVCeleb_v1.2,FakeAVCeleb_v1.2__FakeVideo-FakeAudio__African__men__id01597__00005_id01920_w9C_knCPD94_id00391_wavtolip.mp4,data\raw\FakeAVCeleb_v1.2\FakeVideo-FakeAudio\African\men\id01597\00005_id01920_w9C_knCPD94_id00391_wavtolip.mp4,1,FakeVideo-FakeAudio,African,men,id01597
FakeAVCeleb_v1.2,FakeAVCeleb_v1.2__FakeVideo-FakeAudio__African__men__id01597__00005_id01920_wavtolip.mp4,data\raw\FakeAVCeleb_v1.2\FakeVideo-FakeAudio\African\men\id01597\00005_id01920_wavtolip.mp4,1,FakeVideo-FakeAudio,African,men,id01597
FakeAVCeleb_v1.2,FakeAVCeleb_v1.2__FakeVideo-FakeAudio__African__men__id01597__00005_id02040_wavtolip.mp4,data\raw\FakeAVCeleb_v1.2\FakeVideo-FakeAudio\African\men\id01597\00005_id02040_wavtolip.mp4,1,FakeVideo-FakeAudio,African,men,id01597
FakeAVCeleb_v1.2,FakeAVCeleb_v1.2__FakeVideo-FakeAudio__African__men__id01597__00005_id02296_wavtolip.mp4,data\raw\FakeAVCeleb_v1.2\FakeVideo-FakeAudio\African\men\id01597\00005_id02296_wavtolip.mp4,1,FakeVideo-FakeAudio,African,men,id01597
FakeAVCeleb_v1.2,FakeAVCeleb_v1.2__FakeVideo-FakeAudio__African__men__id01597__00005_id02316_yrrNcmZ-xmI_id01920_wavtolip.mp4,data\raw\FakeAVCeleb_v1.2\FakeVideo-FakeAudio\African\men\id01597\00005_id02316_yrrNcmZ-xmI_id01920_wavtolip.mp4,1,FakeVideo-FakeAudio,African,men,id01597
FakeAVCeleb_v1.2,FakeAVCeleb_v1.2__FakeVideo-FakeAudio__African__men__id02342__00191_id00076_wavtolip.mp4,data\raw\FakeAVCeleb_v1.2\FakeVideo-FakeAudio\African\men\id02342\00191_id00076_wavtolip.mp4,1,FakeVideo-FakeAudio,African,men,id02342
FakeAVCeleb_v1.2,FakeAVCeleb_v1.2__FakeVideo-FakeAudio__African__men__id02342__00191_id00391_TjJgUZaenWI_id00475_wavtolip.mp4,data\raw\FakeAVCeleb_v1.2\FakeVideo-FakeAudio\African\men\id02342\00191_id00391_TjJgUZaenWI_id00475_wavtolip.mp4,1,FakeVideo-FakeAudio,African,men,id02342
FakeAVCeleb_v1.2,FakeAVCeleb_v1.2__FakeVideo-FakeAudio__African__men__id02342__00191_id00476_wavtolip.mp4,data\raw\FakeAVCeleb_v1.2\FakeVideo-FakeAudio\African\men\id02342\00191_id00476_wavtolip.mp4,1,FakeVideo-FakeAudio,African,men,id02342
FakeAVCeleb_v1.2,FakeAVCeleb_v1.2__FakeVideo-FakeAudio__African__men__id02342__00191_id00781_wavtolip.mp4,data\raw\FakeAVCeleb_v1.2\FakeVideo-FakeAudio\African\men\id02342\00191_id00781_wavtolip.mp4,1,FakeVideo-FakeAudio,African,men,id02342
FakeAVCeleb_v1.2,FakeAVCeleb_v1.2__FakeVideo-FakeAudio__African__men__id02342__00191_id01170_7eoTTk4xyNo_id01597_wavtolip.mp4,data\raw\FakeAVCeleb_v1.2\FakeVideo-FakeAudio\African\men\id02342\00191_id01170_7eoTTk4xyNo_id01597_wavtolip.mp4,1,FakeVideo-FakeAudio,African,men,id02342
FakeAVCeleb_v1.2,FakeAVCeleb_v1.2__FakeVideo-FakeAudio__African__men__id02342__00191_id01171_wavtolip.mp4,data\raw\FakeAVCeleb_v1.2\FakeVideo-FakeAudio\African\men\id02342\00191_id01171_wavtolip.mp4,1,FakeVideo-FakeAudio,African,men,id02342
FakeAVCeleb_v1.2,FakeAVCeleb_v1.2__FakeVideo-FakeAudio__African__men__id02342__00191_id01179_RnqLJMrWELw_id01610_wavtolip.mp4,data\raw\FakeAVCeleb_v1.2\FakeVideo-FakeAudio\African\men\id02342\00191_id01179_RnqLJMrWELw_id01610_wavtolip.mp4,1,FakeVideo-FakeAudio,African,men,id02342
FakeAVCeleb_v1.2,FakeAVCeleb_v1.2__FakeVideo-FakeAudio__African__men__id02342__00191_id01207_wavtolip.mp4,data\raw\FakeAVCeleb_v1.2\FakeVideo-FakeAudio\African\men\id02342\00191_id01207_wavtolip.mp4,1,FakeVideo-FakeAudio,African,men,id02342
FakeAVCeleb_v1.2,FakeAVCeleb_v1.2__FakeVideo-FakeAudio__African__men__id02342__00191_id01521_wavtolip.mp4,data\raw\FakeAVCeleb_v1.2\FakeVideo-FakeAudio\African\men\id02342\00191_id01521_wavtolip.mp4,1,FakeVideo-FakeAudio,African,men,id02342
FakeAVCeleb_v1.2,FakeAVCeleb_v1.2__FakeVideo-FakeAudio__African__men__id02342__00191_id01610_wavtolip.mp4,data\raw\FakeAVCeleb_v1.2\FakeVideo-FakeAudio\African\men\id02342\00191_id01610_wavtolip.mp4,1,FakeVideo-FakeAudio,African,men,id02342
FakeAVCeleb_v1.2,FakeAVCeleb_v1.2__FakeVideo-FakeAudio__African__men__id02342__00191_id01717_wavtolip.mp4,data\raw\FakeAVCeleb_v1.2\FakeVideo-FakeAudio\African\men\id02342\00191_id01717_wavtolip.mp4,1,FakeVideo-FakeAudio,African,men,id02342
FakeAVCeleb_v1.2,FakeAVCeleb_v1.2__FakeVideo-FakeAudio__African__men__id02342__00191_id01995_wavtolip.mp4,data\raw\FakeAVCeleb_v1.2\FakeVideo-FakeAudio\African\men\id02342\00191_id01995_wavtolip.mp4,1,FakeVideo-FakeAudio,African,men,id02342
FakeAVCeleb_v1.2,FakeAVCeleb_v1.2__FakeVideo-FakeAudio__African__men__id02342__00191_id02005_7_Egh9mW5y4_faceswap_id01076_wavtolip.mp4,data\raw\FakeAVCeleb_v1.2\FakeVideo-FakeAudio\African\men\id02342\00191_id02005_7_Egh9mW5y4_faceswap_id01076_wavtolip.mp4,1,FakeVideo-FakeAudio,African,men,id02342
FakeAVCeleb_v1.2,FakeAVCeleb_v1.2__FakeVideo-FakeAudio__African__men__id02342__00191_id02005_7_Egh9mW5y4_faceswap_id01598_wavtolip.mp4,data\raw\FakeAVCeleb_v1.2\FakeVideo-FakeAudio\African\men\id02342\00191_id02005_7_Egh9mW5y4_faceswap_id01598_wavtolip.mp4,1,FakeVideo-FakeAudio,African,men,id02342
FakeAVCeleb_v1.2,FakeAVCeleb_v1.2__FakeVideo-FakeAudio__African__men__id02342__00191_id02005_7_Egh9mW5y4_faceswap_id01835_wavtolip.mp4,data\raw\FakeAVCeleb_v1.2\FakeVideo-FakeAudio\African\men\id02342\00191_id02005_7_Egh9mW5y4_faceswap_id01835_wavtolip.mp4,1,FakeVideo-FakeAudio,African,men,id02342
FakeAVCeleb_v1.2,FakeAVCeleb_v1.2__FakeVideo-FakeAudio__African__men__id02342__00191_id02005_7_Egh9mW5y4_faceswap_id02316_wavtolip.mp4,data\raw\FakeAVCeleb_v1.2\FakeVideo-FakeAudio\African\men\id02342\00191_id02005_7_Egh9mW5y4_faceswap_id02316_wavtolip.mp4,1,FakeVideo-FakeAudio,African,men,id02342
FakeAVCeleb_v1.2,FakeAVCeleb_v1.2__FakeVideo-FakeAudio__African__men__id02342__00191_id02005_7_Egh9mW5y4_faceswap_id02342_wavtolip.mp4,data\raw\FakeAVCeleb_v1.2\FakeVideo-FakeAudio\African\men\id02342\00191_id02005_7_Egh9mW5y4_faceswap_id02342_wavtolip.mp4,1,FakeVideo-FakeAudio,African,men,id02342
FakeAVCeleb_v1.2,FakeAVCeleb_v1.2__FakeVideo-FakeAudio__African__men__id02342__00191_id02005_7_Egh9mW5y4_id00944_wavtolip.mp4,data\raw\FakeAVCeleb_v1.2\FakeVideo-FakeAudio\African\men\id02342\00191_id02005_7_Egh9mW5y4_id00944_wavtolip.mp4,1,FakeVideo-FakeAudio,African,men,id02342
FakeAVCeleb_v1.2,FakeAVCeleb_v1.2__FakeVideo-FakeAudio__African__men__id02342__00191_id02051_wavtolip.mp4,data\raw\FakeAVCeleb_v1.2\FakeVideo-FakeAudio\African\men\id02342\00191_id02051_wavtolip.mp4,1,FakeVideo-FakeAudio,African,men,id02342
FakeAVCeleb_v1.2,FakeAVCeleb_v1.2__FakeVideo-FakeAudio__African__men__id02342__00191_id04727_AAnyugIAXao_id02342_wavtolip.mp4,data\raw\FakeAVCeleb_v1.2\FakeVideo-FakeAudio\African\men\id02342\00191_id04727_AAnyugIAXao_id02342_wavtolip.mp4,1,FakeVideo-FakeAudio,African,men,id02342
FakeAVCeleb_v1.2,FakeAVCeleb_v1.2__FakeVideo-FakeAudio__African__women__id00371__00099_id00220_wavtolip.mp4,data\raw\FakeAVCeleb_v1.2\FakeVideo-FakeAudio\African\women\id00371\00099_id00220_wavtolip.mp4,1,FakeVideo-FakeAudio,African,women,id00371
FakeAVCeleb_v1.2,FakeAVCeleb_v1.2__FakeVideo-FakeAudio__African__women__id00371__00099_id00220_WlHLlTQKj8g_id01838_wavtolip.mp4,data\raw\FakeAVCeleb_v1.2\FakeVideo-FakeAudio\African\women\id00371\00099_id00220_WlHLlTQKj8g_id01838_wavtolip.mp4,1,FakeVideo-FakeAudio,African,women,id00371
FakeAVCeleb_v1.2,FakeAVCeleb_v1.2__FakeVideo-FakeAudio__African__women__id00371__00099_id00371_wavtolip.mp4,data\raw\FakeAVCeleb_v1.2\FakeVideo-FakeAudio\African\women\id00371\00099_id00371_wavtolip.mp4,1,FakeVideo-FakeAudio,African,women,id00371
FakeAVCeleb_v1.2,FakeAVCeleb_v1.2__FakeVideo-FakeAudio__African__women__id00371__00099_id00460_wavtolip.mp4,data\raw\FakeAVCeleb_v1.2\FakeVideo-FakeAudio\African\women\id00371\00099_id00460_wavtolip.mp4,1,FakeVideo-FakeAudio,African,women,id00371
FakeAVCeleb_v1.2,FakeAVCeleb_v1.2__FakeVideo-FakeAudio__African__women__id00371__00099_id00832_wavtolip.mp4,data\raw\FakeAVCeleb_v1.2\FakeVideo-FakeAudio\African\women\id00371\00099_id00832_wavtolip.mp4,1,FakeVideo-FakeAudio,African,women,id00371
FakeAVCeleb_v1.2,FakeAVCeleb_v1.2__FakeVideo-FakeAudio__African__women__id00371__00099_id01661_SdP_Monh-_4_id04437_wavtolip.mp4,data\raw\FakeAVCeleb_v1.2\FakeVideo-FakeAudio\African\women\id00371\00099_id01661_SdP_Monh-_4_id04437_wavtolip.mp4,1,FakeVideo-FakeAudio,African,women,id00371
FakeAVCeleb_v1.2,FakeAVCeleb_v1.2__FakeVideo-FakeAudio__African__women__id00371__00099_id02301_wavtolip.mp4,data\raw\FakeAVCeleb_v1.2\FakeVideo-FakeAudio\African\women\id00371\00099_id02301_wavtolip.mp4,1,FakeVideo-FakeAudio,African,women,id00371
FakeAVCeleb_v1.2,FakeAVCeleb_v1.2__FakeVideo-FakeAudio__African__women__id00371__00099_id02586_wavtolip.mp4,data\raw\FakeAVCeleb_v1.2\FakeVideo-FakeAudio\African\women\id00371\00099_id02586_wavtolip.mp4,1,FakeVideo-FakeAudio,African,women,id00371
FakeAVCeleb_v1.2,FakeAVCeleb_v1.2__FakeVideo-FakeAudio__African__women__id00371__00099_id02617_wavtolip.mp4,data\raw\FakeAVCeleb_v1.2\FakeVideo-FakeAudio\African\women\id00371\00099_id02617_wavtolip.mp4,1,FakeVideo-FakeAudio,African,women,id00371
FakeAVCeleb_v1.2,FakeAVCeleb_v1.2__FakeVideo-FakeAudio__African__women__id00371__00099_id03658_8Wtu9VXKqjY_id05231_wavtolip.mp4,data\raw\FakeAVCeleb_v1.2\FakeVideo-FakeAudio\African\women\id00371\00099_id03658_8Wtu9VXKqjY_id05231_wavtolip.mp4,1,FakeVideo-FakeAudio,African,women,id00371
FakeAVCeleb_v1.2,FakeAVCeleb_v1.2__FakeVideo-FakeAudio__African__women__id00371__00099_id03747_wQOOhZvnrq4_id05235_wavtolip.mp4,data\raw\FakeAVCeleb_v1.2\FakeVideo-FakeAudio\African\women\id00371\00099_id03747_wQOOhZvnrq4_id05235_wavtolip.mp4,1,FakeVideo-FakeAudio,African,women,id00371
FakeAVCeleb_v1.2,FakeAVCeleb_v1.2__FakeVideo-FakeAudio__African__women__id00371__00099_id04055_wavtolip.mp4,data\raw\FakeAVCeleb_v1.2\FakeVideo-FakeAudio\African\women\id00371\00099_id04055_wavtolip.mp4,1,FakeVideo-FakeAudio,African,women,id00371
FakeAVCeleb_v1.2,FakeAVCeleb_v1.2__FakeVideo-FakeAudio__African__women__id00371__00099_id04705_wavtolip.mp4,data\raw\FakeAVCeleb_v1.2\FakeVideo-FakeAudio\African\women\id00371\00099_id04705_wavtolip.mp4,1,FakeVideo-FakeAudio,African,women,id00371
FakeAVCeleb_v1.2,FakeAVCeleb_v1.2__FakeVideo-FakeAudio__African__women__id00371__00099_id04736__D2k4fMhEfQ_id02824_wavtolip.mp4,data\raw\FakeAVCeleb_v1.2\FakeVideo-FakeAudio\African\women\id00371\00099_id04736__D2k4fMhEfQ_id02824_wavtolip.mp4,1,FakeVideo-FakeAudio,African,women,id00371
FakeAVCeleb_v1.2,FakeAVCeleb_v1.2__FakeVideo-FakeAudio__African__women__id00371__00099_id04939_i4v2cXo9HIQ_id05231_wavtolip.mp4,data\raw\FakeAVCeleb_v1.2\FakeVideo-FakeAudio\African\women\id00371\00099_id04939_i4v2cXo9HIQ_id05231_wavtolip.mp4,1,FakeVideo-FakeAudio,African,women,id00371
FakeAVCeleb_v1.2,FakeAVCeleb_v1.2__FakeVideo-FakeAudio__African__women__id00371__00099_id05106_wavtolip.mp4,data\raw\FakeAVCeleb_v1.2\FakeVideo-FakeAudio\African\women\id00371\00099_id05106_wavtolip.mp4,1,FakeVideo-FakeAudio,African,women,id00371
FakeAVCeleb_v1.2,FakeAVCeleb_v1.2__FakeVideo-FakeAudio__African__women__id00568__00384_id00371_wavtolip.mp4,data\raw\FakeAVCeleb_v1.2\FakeVideo-FakeAudio\African\women\id00568\00384_id00371_wavtolip.mp4,1,FakeVideo-FakeAudio,African,women,id00568
FakeAVCeleb_v1.2,FakeAVCeleb_v1.2__FakeVideo-FakeAudio__African__women__id00568__00384_id00460_wavtolip.mp4,data\raw\FakeAVCeleb_v1.2\FakeVideo-FakeAudio\African\women\id00568\00384_id00460_wavtolip.mp4,1,FakeVideo-FakeAudio,African,women,id00568
FakeAVCeleb_v1.2,FakeAVCeleb_v1.2__FakeVideo-FakeAudio__African__women__id00568__00384_id00829_wavtolip.mp4,data\raw\FakeAVCeleb_v1.2\FakeVideo-FakeAudio\African\women\id00568\00384_id00829_wavtolip.mp4,1,FakeVideo-FakeAudio,African,women,id00568
FakeAVCeleb_v1.2,FakeAVCeleb_v1.2__FakeVideo-FakeAudio__African__women__id00568__00384_id00832_wavtolip.mp4,data\raw\FakeAVCeleb_v1.2\FakeVideo-FakeAudio\African\women\id00568\00384_id00832_wavtolip.mp4,1,FakeVideo-FakeAudio,African,women,id00568
FakeAVCeleb_v1.2,FakeAVCeleb_v1.2__FakeVideo-FakeAudio__African__women__id00568__00384_id01178_wavtolip.mp4,data\raw\FakeAVCeleb_v1.2\FakeVideo-FakeAudio\African\women\id00568\00384_id01178_wavtolip.mp4,1,FakeVideo-FakeAudio,African,women,id00568
FakeAVCeleb_v1.2,FakeAVCeleb_v1.2__FakeVideo-FakeAudio__African__women__id00568__00384_id01838_q_lUk55OrL0_id03713_wavtolip.mp4,data\raw\FakeAVCeleb_v1.2\FakeVideo-FakeAudio\African\women\id00568\00384_id01838_q_lUk55OrL0_id03713_wavtolip.mp4,1,FakeVideo-FakeAudio,African,women,id00568
FakeAVCeleb_v1.2,FakeAVCeleb_v1.2__FakeVideo-FakeAudio__African__women__id00568__00384_id02301_wavtolip.mp4,data\raw\FakeAVCeleb_v1.2\FakeVideo-FakeAudio\African\women\id00568\00384_id02301_wavtolip.mp4,1,FakeVideo-FakeAudio,African,women,id00568
FakeAVCeleb_v1.2,FakeAVCeleb_v1.2__FakeVideo-FakeAudio__African__women__id00568__00384_id02301_WdVa7Mp3brI_id02586_wavtolip.mp4,data\raw\FakeAVCeleb_v1.2\FakeVideo-FakeAudio\African\women\id00568\00384_id02301_WdVa7Mp3brI_id02586_wavtolip.mp4,1,FakeVideo-FakeAudio,African,women,id00568
FakeAVCeleb_v1.2,FakeAVCeleb_v1.2__FakeVideo-FakeAudio__African__women__id00568__00384_id03569_wavtolip.mp4,data\raw\FakeAVCeleb_v1.2\FakeVideo-FakeAudio\African\women\id00568\00384_id03569_wavtolip.mp4,1,FakeVideo-FakeAudio,African,women,id00568
FakeAVCeleb_v1.2,FakeAVCeleb_v1.2__FakeVideo-FakeAudio__African__women__id00568__00384_id03656_wavtolip.mp4,data\raw\FakeAVCeleb_v1.2\FakeVideo-FakeAudio\African\women\id00568\00384_id03656_wavtolip.mp4,1,FakeVideo-FakeAudio,African,women,id00568
FakeAVCeleb_v1.2,FakeAVCeleb_v1.2__FakeVideo-FakeAudio__African__women__id00568__00384_id04055_0qrzF4HLXHY_id02071_wavtolip.mp4,data\raw\FakeAVCeleb_v1.2\FakeVideo-FakeAudio\African\women\id00568\00384_id04055_0qrzF4HLXHY_id02071_wavtolip.mp4,1,FakeVideo-FakeAudio,African,women,id00568
FakeAVCeleb_v1.2,FakeAVCeleb_v1.2__FakeVideo-FakeAudio__African__women__id00568__00384_id04376_wavtolip.mp4,data\raw\FakeAVCeleb_v1.2\FakeVideo-FakeAudio\African\women\id00568\00384_id04376_wavtolip.mp4,1,FakeVideo-FakeAudio,African,women,id00568
FakeAVCeleb_v1.2,FakeAVCeleb_v1.2__FakeVideo-FakeAudio__African__women__id00568__00384_id04736__D2k4fMhEfQ_id04736_wavtolip.mp4,data\raw\FakeAVCeleb_v1.2\FakeVideo-FakeAudio\African\women\id00568\00384_id04736__D2k4fMhEfQ_id04736_wavtolip.mp4,1,FakeVideo-FakeAudio,African,women,id00568
FakeAVCeleb_v1.2,FakeAVCeleb_v1.2__FakeVideo-FakeAudio__African__women__id00568__00384_id04820_wavtolip.mp4,data\raw\FakeAVCeleb_v1.2\FakeVideo-FakeAudio\African\women\id00568\00384_id04820_wavtolip.mp4,1,FakeVideo-FakeAudio,African,women,id00568
FakeAVCeleb_v1.2,FakeAVCeleb_v1.2__FakeVideo-FakeAudio__African__women__id00568__00384_id05231_wfbM5puT6eQ_id01783_wavtolip.mp4,data\raw\FakeAVCeleb_v1.2\FakeVideo-FakeAudio\African\women\id00568\00384_id05231_wfbM5puT6eQ_id01783_wavtolip.mp4,1,FakeVideo-FakeAudio,African,women,id00568
FakeAVCeleb_v1.2,FakeAVCeleb_v1.2__FakeVideo-FakeAudio__African__women__id00568__00384_id05251_c_cxumCQ768_id04540_wavtolip.mp4,data\raw\FakeAVCeleb_v1.2\FakeVideo-FakeAudio\African\women\id00568\00384_id05251_c_cxumCQ768_id04540_wavtolip.mp4,1,FakeVideo-FakeAudio,African,women,id00568
FakeAVCeleb_v1.2,FakeAVCeleb_v1.2__FakeVideo-FakeAudio__African__women__id00568__00384_id05252_CMxIX3absYM_faceswap_id00577_wavtolip.mp4,data\raw\FakeAVCeleb_v1.2\FakeVideo-FakeAudio\African\women\id00568\00384_id05252_CMxIX3absYM_faceswap_id00577_wavtolip.mp4,1,FakeVideo-FakeAudio,African,women,id00568
FakeAVCeleb_v1.2,FakeAVCeleb_v1.2__FakeVideo-FakeAudio__African__women__id00568__00384_id05252_CMxIX3absYM_faceswap_id00707_wavtolip.mp4,data\raw\FakeAVCeleb_v1.2\FakeVideo-FakeAudio\African\women\id00568\00384_id05252_CMxIX3absYM_faceswap_id00707_wavtolip.mp4,1,FakeVideo-FakeAudio,African,women,id00568
FakeAVCeleb_v1.2,FakeAVCeleb_v1.2__FakeVideo-FakeAudio__African__women__id00568__00384_id05252_CMxIX3absYM_faceswap_id01661_wavtolip.mp4,data\raw\FakeAVCeleb_v1.2\FakeVideo-FakeAudio\African\women\id00568\00384_id05252_CMxIX3absYM_faceswap_id01661_wavtolip.mp4,1,FakeVideo-FakeAudio,African,women,id00568
FakeAVCeleb_v1.2,FakeAVCeleb_v1.2__FakeVideo-FakeAudio__African__women__id00568__00384_id05252_CMxIX3absYM_faceswap_id03747_wavtolip.mp4,data\raw\FakeAVCeleb_v1.2\FakeVideo-FakeAudio\African\women\id00568\00384_id05252_CMxIX3absYM_faceswap_id03747_wavtolip.mp4,1,FakeVideo-FakeAudio,African,women,id00568
FakeAVCeleb_v1.2,FakeAVCeleb_v1.2__FakeVideo-FakeAudio__African__women__id00568__00384_id05252_CMxIX3absYM_faceswap_id05252_wavtolip.mp4,data\raw\FakeAVCeleb_v1.2\FakeVideo-FakeAudio\African\women\id00568\00384_id05252_CMxIX3absYM_faceswap_id05252_wavtolip.mp4,1,FakeVideo-FakeAudio,African,women,id00568
FakeAVCeleb_v1.2,FakeAVCeleb_v1.2__FakeVideo-FakeAudio__African__women__id00568__00384_id05252_CMxIX3absYM_id04437_wavtolip.mp4,data\raw\FakeAVCeleb_v1.2\FakeVideo-FakeAudio\African\women\id00568\00384_id05252_CMxIX3absYM_id04437_wavtolip.mp4,1,FakeVideo-FakeAudio,African,women,id00568
FakeAVCeleb_v1.2,FakeAVCeleb_v1.2__FakeVideo-FakeAudio__African__women__id02071__00195_id00359_RZMQan-7me4_id00707_wavtolip.mp4,data\raw\FakeAVCeleb_v1.2\FakeVideo-FakeAudio\African\women\id02071\00195_id00359_RZMQan-7me4_id00707_wavtolip.mp4,1,FakeVideo-FakeAudio,African,women,id02071
FakeAVCeleb_v1.2,FakeAVCeleb_v1.2__FakeVideo-FakeAudio__African__women__id02071__00195_id00359_wavtolip.mp4,data\raw\FakeAVCeleb_v1.2\FakeVideo-FakeAudio\African\women\id02071\00195_id00359_wavtolip.mp4,1,FakeVideo-FakeAudio,African,women,id02071
FakeAVCeleb_v1.2,FakeAVCeleb_v1.2__FakeVideo-FakeAudio__African__women__id02071__00195_id00460_9sVM1Crx1FA_id05980_wavtolip.mp4,data\raw\FakeAVCeleb_v1.2\FakeVideo-FakeAudio\African\women\id02071\00195_id00460_9sVM1Crx1FA_id05980_wavtolip.mp4,1,FakeVideo-FakeAudio,African,women,id02071
FakeAVCeleb_v1.2,FakeAVCeleb_v1.2__FakeVideo-FakeAudio__African__women__id02071__00195_id00460_wavtolip.mp4,data\raw\FakeAVCeleb_v1.2\FakeVideo-FakeAudio\African\women\id02071\00195_id00460_wavtolip.mp4,1,FakeVideo-FakeAudio,African,women,id02071
FakeAVCeleb_v1.2,FakeAVCeleb_v1.2__FakeVideo-FakeAudio__African__women__id02071__00195_id01661_SdP_Monh-_4_id04547_wavtolip.mp4,data\raw\FakeAVCeleb_v1.2\FakeVideo-FakeAudio\African\women\id02071\00195_id01661_SdP_Monh-_4_id04547_wavtolip.mp4,1,FakeVideo-FakeAudio,African,women,id02071
FakeAVCeleb_v1.2,FakeAVCeleb_v1.2__FakeVideo-FakeAudio__African__women__id02071__00195_id01661_wavtolip.mp4,data\raw\FakeAVCeleb_v1.2\FakeVideo-FakeAudio\African\women\id02071\00195_id01661_wavtolip.mp4,1,FakeVideo-FakeAudio,African,women,id02071
FakeAVCeleb_v1.2,FakeAVCeleb_v1.2__FakeVideo-FakeAudio__African__women__id02071__00195_id01783_WBUM0bHzWNA_id02721_wavtolip.mp4,data\raw\FakeAVCeleb_v1.2\FakeVideo-FakeAudio\African\women\id02071\00195_id01783_WBUM0bHzWNA_id02721_wavtolip.mp4,1,FakeVideo-FakeAudio,African,women,id02071
FakeAVCeleb_v1.2,FakeAVCeleb_v1.2__FakeVideo-FakeAudio__African__women__id02071__00195_id01838_q_lUk55OrL0_id03658_wavtolip.mp4,data\raw\FakeAVCeleb_v1.2\FakeVideo-FakeAudio\African\women\id02071\00195_id01838_q_lUk55OrL0_id03658_wavtolip.mp4,1,FakeVideo-FakeAudio,African,women,id02071
FakeAVCeleb_v1.2,FakeAVCeleb_v1.2__FakeVideo-FakeAudio__African__women__id02071__00195_id01907_wavtolip.mp4,data\raw\FakeAVCeleb_v1.2\FakeVideo-FakeAudio\African\women\id02071\00195_id01907_wavtolip.mp4,1,FakeVideo-FakeAudio,African,women,id02071
FakeAVCeleb_v1.2,FakeAVCeleb_v1.2__FakeVideo-FakeAudio__African__women__id02071__00195_id02617_4EZjRXC4fLk_id02721_wavtolip.mp4,data\raw\FakeAVCeleb_v1.2\FakeVideo-FakeAudio\African\women\id02071\00195_id02617_4EZjRXC4fLk_id02721_wavtolip.mp4,1,FakeVideo-FakeAudio,African,women,id02071
FakeAVCeleb_v1.2,FakeAVCeleb_v1.2__FakeVideo-FakeAudio__African__women__id02071__00195_id02721_wavtolip.mp4,data\raw\FakeAVCeleb_v1.2\FakeVideo-FakeAudio\African\women\id02071\00195_id02721_wavtolip.mp4,1,FakeVideo-FakeAudio,African,women,id02071
FakeAVCeleb_v1.2,FakeAVCeleb_v1.2__FakeVideo-FakeAudio__African__women__id02071__00195_id02838_wavtolip.mp4,data\raw\FakeAVCeleb_v1.2\FakeVideo-FakeAudio\African\women\id02071\00195_id02838_wavtolip.mp4,1,FakeVideo-FakeAudio,African,women,id02071
FakeAVCeleb_v1.2,FakeAVCeleb_v1.2__FakeVideo-FakeAudio__African__women__id02071__00195_id03658_8Wtu9VXKqjY_id02948_wavtolip.mp4,data\raw\FakeAVCeleb_v1.2\FakeVideo-FakeAudio\African\women\id02071\00195_id03658_8Wtu9VXKqjY_id02948_wavtolip.mp4,1,FakeVideo-FakeAudio,African,women,id02071
FakeAVCeleb_v1.2,FakeAVCeleb_v1.2__FakeVideo-FakeAudio__African__women__id02071__00195_id03747_wavtolip.mp4,data\raw\FakeAVCeleb_v1.2\FakeVideo-FakeAudio\African\women\id02071\00195_id03747_wavtolip.mp4,1,FakeVideo-FakeAudio,African,women,id02071
FakeAVCeleb_v1.2,FakeAVCeleb_v1.2__FakeVideo-FakeAudio__African__women__id02071__00195_id04245_nQD_PRlBDyw_id03658_wavtolip.mp4,data\raw\FakeAVCeleb_v1.2\FakeVideo-FakeAudio\African\women\id02071\00195_id04245_nQD_PRlBDyw_id03658_wavtolip.mp4,1,FakeVideo-FakeAudio,African,women,id02071
FakeAVCeleb_v1.2,FakeAVCeleb_v1.2__FakeVideo-FakeAudio__African__women__id02071__00195_id04689_wavtolip.mp4,data\raw\FakeAVCeleb_v1.2\FakeVideo-FakeAudio\African\women\id02071\00195_id04689_wavtolip.mp4,1,FakeVideo-FakeAudio,African,women,id02071
FakeAVCeleb_v1.2,FakeAVCeleb_v1.2__FakeVideo-FakeAudio__African__women__id02071__00195_id04939_wavtolip.mp4,data\raw\FakeAVCeleb_v1.2\FakeVideo-FakeAudio\African\women\id02071\00195_id04939_wavtolip.mp4,1,FakeVideo-FakeAudio,African,women,id02071
FakeAVCeleb_v1.2,FakeAVCeleb_v1.2__FakeVideo-FakeAudio__African__women__id02071__00195_id05252_wavtolip.mp4,data\raw\FakeAVCeleb_v1.2\FakeVideo-FakeAudio\African\women\id02071\00195_id05252_wavtolip.mp4,1,FakeVideo-FakeAudio,African,women,id02071
FakeAVCeleb_v1.2,FakeAVCeleb_v1.2__FakeVideo-FakeAudio__African__women__id02721__00424_id00359_wavtolip.mp4,data\raw\FakeAVCeleb_v1.2\FakeVideo-FakeAudio\African\women\id02721\00424_id00359_wavtolip.mp4,1,FakeVideo-FakeAudio,African,women,id02721
FakeAVCeleb_v1.2,FakeAVCeleb_v1.2__FakeVideo-FakeAudio__African__women__id02721__00424_id00371_t20i0HtPwW0_id04939_wavtolip.mp4,data\raw\FakeAVCeleb_v1.2\FakeVideo-FakeAudio\African\women\id02721\00424_id00371_t20i0HtPwW0_id04939_wavtolip.mp4,1,FakeVideo-FakeAudio,African,women,id02721
FakeAVCeleb_v1.2,FakeAVCeleb_v1.2__FakeVideo-FakeAudio__African__women__id02721__00424_id00568_gakhcJXnJZ8_id04939_wavtolip.mp4,data\raw\FakeAVCeleb_v1.2\FakeVideo-FakeAudio\African\women\id02721\00424_id00568_gakhcJXnJZ8_id04939_wavtolip.mp4,1,FakeVideo-FakeAudio,African,women,id02721
FakeAVCeleb_v1.2,FakeAVCeleb_v1.2__FakeVideo-FakeAudio__African__women__id02721__00424_id00707_wavtolip.mp4,data\raw\FakeAVCeleb_v1.2\FakeVideo-FakeAudio\African\women\id02721\00424_id00707_wavtolip.mp4,1,FakeVideo-FakeAudio,African,women,id02721
FakeAVCeleb_v1.2,FakeAVCeleb_v1.2__FakeVideo-FakeAudio__African__women__id02721__00424_id01178_wavtolip.mp4,data\raw\FakeAVCeleb_v1.2\FakeVideo-FakeAudio\African\women\id02721\00424_id01178_wavtolip.mp4,1,FakeVideo-FakeAudio,African,women,id02721
FakeAVCeleb_v1.2,FakeAVCeleb_v1.2__FakeVideo-FakeAudio__African__women__id02721__00424_id01661_wavtolip.mp4,data\raw\FakeAVCeleb_v1.2\FakeVideo-FakeAudio\African\women\id02721\00424_id01661_wavtolip.mp4,1,FakeVideo-FakeAudio,African,women,id02721
FakeAVCeleb_v1.2,FakeAVCeleb_v1.2__FakeVideo-FakeAudio__African__women__id02721__00424_id01783_wavtolip.mp4,data\raw\FakeAVCeleb_v1.2\FakeVideo-FakeAudio\African\women\id02721\00424_id01783_wavtolip.mp4,1,FakeVideo-FakeAudio,African,women,id02721
FakeAVCeleb_v1.2,FakeAVCeleb_v1.2__FakeVideo-FakeAudio__African__women__id02721__00424_id02071_wavtolip.mp4,data\raw\FakeAVCeleb_v1.2\FakeVideo-FakeAudio\African\women\id02721\00424_id02071_wavtolip.mp4,1,FakeVideo-FakeAudio,African,women,id02721
FakeAVCeleb_v1.2,FakeAVCeleb_v1.2__FakeVideo-FakeAudio__African__women__id02721__00424_id02586_dEYzYDsbAeo_id04939_wavtolip.mp4,data\raw\FakeAVCeleb_v1.2\FakeVideo-FakeAudio\African\women\id02721\00424_id02586_dEYzYDsbAeo_id04939_wavtolip.mp4,1,FakeVideo-FakeAudio,African,women,id02721
FakeAVCeleb_v1.2,FakeAVCeleb_v1.2__FakeVideo-FakeAudio__African__women__id02721__00424_id02617_wavtolip.mp4,data\raw\FakeAVCeleb_v1.2\FakeVideo-FakeAudio\African\women\id02721\00424_id02617_wavtolip.mp4,1,FakeVideo-FakeAudio,African,women,id02721
FakeAVCeleb_v1.2,FakeAVCeleb_v1.2__FakeVideo-FakeAudio__African__women__id02721__00424_id02721_wavtolip.mp4,data\raw\FakeAVCeleb_v1.2\FakeVideo-FakeAudio\African\women\id02721\00424_id02721_wavtolip.mp4,1,FakeVideo-FakeAudio,African,women,id02721
FakeAVCeleb_v1.2,FakeAVCeleb_v1.2__FakeVideo-FakeAudio__African__women__id02721__00424_id02808_nZtvxh6Eesc_id00371_wavtolip.mp4,data\raw\FakeAVCeleb_v1.2\FakeVideo-FakeAudio\African\women\id02721\00424_id02808_nZtvxh6Eesc_id00371_wavtolip.mp4,1,FakeVideo-FakeAudio,African,women,id02721
FakeAVCeleb_v1.2,FakeAVCeleb_v1.2__FakeVideo-FakeAudio__African__women__id02721__00424_id02824_wavtolip.mp4,data\raw\FakeAVCeleb_v1.2\FakeVideo-FakeAudio\African\women\id02721\00424_id02824_wavtolip.mp4,1,FakeVideo-FakeAudio,African,women,id02721
FakeAVCeleb_v1.2,FakeAVCeleb_v1.2__FakeVideo-FakeAudio__African__women__id02721__00424_id02948__ZEDGNWjuFE_id05235_wavtolip.mp4,data\raw\FakeAVCeleb_v1.2\FakeVideo-FakeAudio\African\women\id02721\00424_id02948__ZEDGNWjuFE_id05235_wavtolip.mp4,1,FakeVideo-FakeAudio,African,women,id02721
FakeAVCeleb_v1.2,FakeAVCeleb_v1.2__FakeVideo-FakeAudio__African__women__id02721__00424_id03658_8Wtu9VXKqjY_faceswap_id00371_wavtolip.mp4,data\raw\FakeAVCeleb_v1.2\FakeVideo-FakeAudio\African\women\id02721\00424_id03658_8Wtu9VXKqjY_faceswap_id00371_wavtolip.mp4,1,FakeVideo-FakeAudio,African,women,id02721
FakeAVCeleb_v1.2,FakeAVCeleb_v1.2__FakeVideo-FakeAudio__African__women__id02721__00424_id03658_8Wtu9VXKqjY_faceswap_id02824_wavtolip.mp4,data\raw\FakeAVCeleb_v1.2\FakeVideo-FakeAudio\African\women\id02721\00424_id03658_8Wtu9VXKqjY_faceswap_id02824_wavtolip.mp4,1,FakeVideo-FakeAudio,African,women,id02721
FakeAVCeleb_v1.2,FakeAVCeleb_v1.2__FakeVideo-FakeAudio__African__women__id02721__00424_id03658_8Wtu9VXKqjY_faceswap_id02838_wavtolip.mp4,data\raw\FakeAVCeleb_v1.2\FakeVideo-FakeAudio\African\women\id02721\00424_id03658_8Wtu9VXKqjY_faceswap_id02838_wavtolip.mp4,1,FakeVideo-FakeAudio,African,women,id02721
FakeAVCeleb_v1.2,FakeAVCeleb_v1.2__FakeVideo-FakeAudio__African__women__id02721__00424_id03658_8Wtu9VXKqjY_faceswap_id02948_wavtolip.mp4,data\raw\FakeAVCeleb_v1.2\FakeVideo-FakeAudio\African\women\id02721\00424_id03658_8Wtu9VXKqjY_faceswap_id02948_wavtolip.mp4,1,FakeVideo-FakeAudio,African,women,id02721
FakeAVCeleb_v1.2,FakeAVCeleb_v1.2__FakeVideo-FakeAudio__African__women__id02721__00424_id03658_8Wtu9VXKqjY_faceswap_id04820_wavtolip.mp4,data\raw\FakeAVCeleb_v1.2\FakeVideo-FakeAudio\African\women\id02721\00424_id03658_8Wtu9VXKqjY_faceswap_id04820_wavtolip.mp4,1,FakeVideo-FakeAudio,African,women,id02721
FakeAVCeleb_v1.2,FakeAVCeleb_v1.2__FakeVideo-FakeAudio__African__women__id02721__00424_id03658_8Wtu9VXKqjY_id02808_wavtolip.mp4,data\raw\FakeAVCeleb_v1.2\FakeVideo-FakeAudio\African\women\id02721\00424_id03658_8Wtu9VXKqjY_id02808_wavtolip.mp4,1,FakeVideo-FakeAudio,African,women,id02721
FakeAVCeleb_v1.2,FakeAVCeleb_v1.2__FakeVideo-FakeAudio__African__women__id02721__00424_id03658_wavtolip.mp4,data\raw\FakeAVCeleb_v1.2\FakeVideo-FakeAudio\African\women\id02721\00424_id03658_wavtolip.mp4,1,FakeVideo-FakeAudio,African,women,id02721
FakeAVCeleb_v1.2,FakeAVCeleb_v1.2__FakeVideo-FakeAudio__African__women__id02721__00424_id04705_ziJ9JsYr4R0_id05980_wavtolip.mp4,data\raw\FakeAVCeleb_v1.2\FakeVideo-FakeAudio\African\women\id02721\00424_id04705_ziJ9JsYr4R0_id05980_wavtolip.mp4,1,FakeVideo-FakeAudio,African,women,id02721
FakeAVCeleb_v1.2,FakeAVCeleb_v1.2__FakeVideo-FakeAudio__African__women__id02721__00424_id05231_wfbM5puT6eQ_id00568_wavtolip.mp4,data\raw\FakeAVCeleb_v1.2\FakeVideo-FakeAudio\African\women\id02721\00424_id05231_wfbM5puT6eQ_id00568_wavtolip.mp4,1,FakeVideo-FakeAudio,African,women,id02721
FakeAVCeleb_v1.2,FakeAVCeleb_v1.2__FakeVideo-FakeAudio__African__women__id03103__00130_id00371_wavtolip.mp4,data\raw\FakeAVCeleb_v1.2\FakeVideo-FakeAudio\African\women\id03103\00130_id00371_wavtolip.mp4,1,FakeVideo-FakeAudio,African,women,id03103
FakeAVCeleb_v1.2,FakeAVCeleb_v1.2__FakeVideo-FakeAudio__African__women__id03103__00130_id00460_9sVM1Crx1FA_id04540_wavtolip.mp4,data\raw\FakeAVCeleb_v1.2\FakeVideo-FakeAudio\African\women\id03103\00130_id00460_9sVM1Crx1FA_id04540_wavtolip.mp4,1,FakeVideo-FakeAudio,African,women,id03103
FakeAVCeleb_v1.2,FakeAVCeleb_v1.2__FakeVideo-FakeAudio__African__women__id03103__00130_id00577_3_2j9zcpg18_id01907_wavtolip.mp4,data\raw\FakeAVCeleb_v1.2\FakeVideo-FakeAudio\African\women\id03103\00130_id00577_3_2j9zcpg18_id01907_wavtolip.mp4,1,FakeVideo-FakeAudio,African,women,id03103
FakeAVCeleb_v1.2,FakeAVCeleb_v1.2__FakeVideo-FakeAudio__African__women__id03103__00130_id01178_6XpgYMiKxhc_id04705_wavtolip.mp4,data\raw\FakeAVCeleb_v1.2\FakeVideo-FakeAudio\African\women\id03103\00130_id01178_6XpgYMiKxhc_id04705_wavtolip.mp4,1,FakeVideo-FakeAudio,African,women,id03103
FakeAVCeleb_v1.2,FakeAVCeleb_v1.2__FakeVideo-FakeAudio__African__women__id03103__00130_id01532_wavtolip.mp4,data\raw\FakeAVCeleb_v1.2\FakeVideo-FakeAudio\African\women\id03103\00130_id01532_wavtolip.mp4,1,FakeVideo-FakeAudio,African,women,id03103
FakeAVCeleb_v1.2,FakeAVCeleb_v1.2__FakeVideo-FakeAudio__African__women__id03103__00130_id01838_q_lUk55OrL0_id04547_wavtolip.mp4,data\raw\FakeAVCeleb_v1.2\FakeVideo-FakeAudio\African\women\id03103\00130_id01838_q_lUk55OrL0_id04547_wavtolip.mp4,1,FakeVideo-FakeAudio,African,women,id03103
FakeAVCeleb_v1.2,FakeAVCeleb_v1.2__FakeVideo-FakeAudio__African__women__id03103__00130_id01907_wavtolip.mp4,data\raw\FakeAVCeleb_v1.2\FakeVideo-FakeAudio\African\women\id03103\00130_id01907_wavtolip.mp4,1,FakeVideo-FakeAudio,African,women,id03103
FakeAVCeleb_v1.2,FakeAVCeleb_v1.2__FakeVideo-FakeAudio__African__women__id03103__00130_id02721_wavtolip.mp4,data\raw\FakeAVCeleb_v1.2\FakeVideo-FakeAudio\African\women\id03103\00130_id02721_wavtolip.mp4,1,FakeVideo-FakeAudio,African,women,id03103
FakeAVCeleb_v1.2,FakeAVCeleb_v1.2__FakeVideo-FakeAudio__African__women__id03103__00130_id02838_wavtolip.mp4,data\raw\FakeAVCeleb_v1.2\FakeVideo-FakeAudio\African\women\id03103\00130_id02838_wavtolip.mp4,1,FakeVideo-FakeAudio,African,women,id03103
FakeAVCeleb_v1.2,FakeAVCeleb_v1.2__FakeVideo-FakeAudio__African__women__id03103__00130_id02948_wavtolip.mp4,data\raw\FakeAVCeleb_v1.2\FakeVideo-FakeAudio\African\women\id03103\00130_id02948_wavtolip.mp4,1,FakeVideo-FakeAudio,African,women,id03103
FakeAVCeleb_v1.2,FakeAVCeleb_v1.2__FakeVideo-FakeAudio__African__women__id03103__00130_id04055_0qrzF4HLXHY_id04939_wavtolip.mp4,data\raw\FakeAVCeleb_v1.2\FakeVideo-FakeAudio\African\women\id03103\00130_id04055_0qrzF4HLXHY_id04939_wavtolip.mp4,1,FakeVideo-FakeAudio,African,women,id03103
FakeAVCeleb_v1.2,FakeAVCeleb_v1.2__FakeVideo-FakeAudio__African__women__id03103__00130_id04547_3Qy2g2M47Aw_id02071_wavtolip.mp4,data\raw\FakeAVCeleb_v1.2\FakeVideo-FakeAudio\African\women\id03103\00130_id04547_3Qy2g2M47Aw_id02071_wavtolip.mp4,1,FakeVideo-FakeAudio,African,women,id03103
FakeAVCeleb_v1.2,FakeAVCeleb_v1.2__FakeVideo-FakeAudio__African__women__id03103__00130_id04820_64ybrA1atlM_id04540_wavtolip.mp4,data\raw\FakeAVCeleb_v1.2\FakeVideo-FakeAudio\African\women\id03103\00130_id04820_64ybrA1atlM_id04540_wavtolip.mp4,1,FakeVideo-FakeAudio,African,women,id03103
FakeAVCeleb_v1.2,FakeAVCeleb_v1.2__FakeVideo-FakeAudio__African__women__id03103__00130_id04939_i4v2cXo9HIQ_id05252_wavtolip.mp4,data\raw\FakeAVCeleb_v1.2\FakeVideo-FakeAudio\African\women\id03103\00130_id04939_i4v2cXo9HIQ_id05252_wavtolip.mp4,1,FakeVideo-FakeAudio,African,women,id03103
FakeAVCeleb_v1.2,FakeAVCeleb_v1.2__FakeVideo-FakeAudio__African__women__id03103__00130_id05231_wavtolip.mp4,data\raw\FakeAVCeleb_v1.2\FakeVideo-FakeAudio\African\women\id03103\00130_id05231_wavtolip.mp4,1,FakeVideo-FakeAudio,African,women,id03103
FakeAVCeleb_v1.2,FakeAVCeleb_v1.2__FakeVideo-FakeAudio__African__women__id03103__00130_id05235_wavtolip.mp4,data\raw\FakeAVCeleb_v1.2\FakeVideo-FakeAudio\African\women\id03103\00130_id05235_wavtolip.mp4,1,FakeVideo-FakeAudio,African,women,id03103
FakeAVCeleb_v1.2,FakeAVCeleb_v1.2__FakeVideo-FakeAudio__African__women__id03103__00130_id05252_wavtolip.mp4,data\raw\FakeAVCeleb_v1.2\FakeVideo-FakeAudio\African\women\id03103\00130_id05252_wavtolip.mp4,1,FakeVideo-FakeAudio,African,women,id03103
FakeAVCeleb_v1.2,FakeAVCeleb_v1.2__FakeVideo-FakeAudio__African__women__id03103__00130_id05980_wavtolip.mp4,data\raw\FakeAVCeleb_v1.2\FakeVideo-FakeAudio\African\women\id03103\00130_id05980_wavtolip.mp4,1,FakeVideo-FakeAudio,African,women,id03103
FakeAVCeleb_v1.2,FakeAVCeleb_v1.2__FakeVideo-FakeAudio__African__women__id03658__00077_id00371_t20i0HtPwW0_faceswap_id00220_wavtolip.mp4,data\raw\FakeAVCeleb_v1.2\FakeVideo-FakeAudio\African\women\id03658\00077_id00371_t20i0HtPwW0_faceswap_id00220_wavtolip.mp4,1,FakeVideo-FakeAudio,African,women,id03658
FakeAVCeleb_v1.2,FakeAVCeleb_v1.2__FakeVideo-FakeAudio__African__women__id03658__00077_id00371_t20i0HtPwW0_faceswap_id02301_wavtolip.mp4,data\raw\FakeAVCeleb_v1.2\FakeVideo-FakeAudio\African\women\id03658\00077_id00371_t20i0HtPwW0_faceswap_id02301_wavtolip.mp4,1,FakeVideo-FakeAudio,African,women,id03658
FakeAVCeleb_v1.2,FakeAVCeleb_v1.2__FakeVideo-FakeAudio__African__women__id03658__00077_id00371_t20i0HtPwW0_faceswap_id03713_wavtolip.mp4,data\raw\FakeAVCeleb_v1.2\FakeVideo-FakeAudio\African\women\id03658\00077_id00371_t20i0HtPwW0_faceswap_id03713_wavtolip.mp4,1,FakeVideo-FakeAudio,African,women,id03658
FakeAVCeleb_v1.2,FakeAVCeleb_v1.2__FakeVideo-FakeAudio__African__women__id03658__00077_id00371_t20i0HtPwW0_faceswap_id04245_wavtolip.mp4,data\raw\FakeAVCeleb_v1.2\FakeVideo-FakeAudio\African\women\id03658\00077_id00371_t20i0HtPwW0_faceswap_id04245_wavtolip.mp4,1,FakeVideo-FakeAudio,African,women,id03658
FakeAVCeleb_v1.2,FakeAVCeleb_v1.2__FakeVideo-FakeAudio__African__women__id03658__00077_id00371_t20i0HtPwW0_faceswap_id04705_wavtolip.mp4,data\raw\FakeAVCeleb_v1.2\FakeVideo-FakeAudio\African\women\id03658\00077_id00371_t20i0HtPwW0_faceswap_id04705_wavtolip.mp4,1,FakeVideo-FakeAudio,African,women,id03658
FakeAVCeleb_v1.2,FakeAVCeleb_v1.2__FakeVideo-FakeAudio__African__women__id03658__00077_id00592_wavtolip.mp4,data\raw\FakeAVCeleb_v1.2\FakeVideo-FakeAudio\African\women\id03658\00077_id00592_wavtolip.mp4,1,FakeVideo-FakeAudio,African,women,id03658
FakeAVCeleb_v1.2,FakeAVCeleb_v1.2__FakeVideo-FakeAudio__African__women__id03658__00077_id01783_WBUM0bHzWNA_id00359_wavtolip.mp4,data\raw\FakeAVCeleb_v1.2\FakeVideo-FakeAudio\African\women\id03658\00077_id01783_WBUM0bHzWNA_id00359_wavtolip.mp4,1,FakeVideo-FakeAudio,African,women,id03658
FakeAVCeleb_v1.2,FakeAVCeleb_v1.2__FakeVideo-FakeAudio__African__women__id03658__00077_id01907_wavtolip.mp4,data\raw\FakeAVCeleb_v1.2\FakeVideo-FakeAudio\African\women\id03658\00077_id01907_wavtolip.mp4,1,FakeVideo-FakeAudio,African,women,id03658
FakeAVCeleb_v1.2,FakeAVCeleb_v1.2__FakeVideo-FakeAudio__African__women__id03658__00077_id02071_cHuDh9F87vA_id00577_wavtolip.mp4,data\raw\FakeAVCeleb_v1.2\FakeVideo-FakeAudio\African\women\id03658\00077_id02071_cHuDh9F87vA_id00577_wavtolip.mp4,1,FakeVideo-FakeAudio,African,women,id03658
FakeAVCeleb_v1.2,FakeAVCeleb_v1.2__FakeVideo-FakeAudio__African__women__id03658__00077_id02721_rwNm8RKL47Y_id04437_wavtolip.mp4,data\raw\FakeAVCeleb_v1.2\FakeVideo-FakeAudio\African\women\id03658\00077_id02721_rwNm8RKL47Y_id04437_wavtolip.mp4,1,FakeVideo-FakeAudio,African,women,id03658
FakeAVCeleb_v1.2,FakeAVCeleb_v1.2__FakeVideo-FakeAudio__African__women__id03658__00077_id02838_wavtolip.mp4,data\raw\FakeAVCeleb_v1.2\FakeVideo-FakeAudio\African\women\id03658\00077_id02838_wavtolip.mp4,1,FakeVideo-FakeAudio,African,women,id03658
FakeAVCeleb_v1.2,FakeAVCeleb_v1.2__FakeVideo-FakeAudio__African__women__id03658__00077_id02948_wavtolip.mp4,data\raw\FakeAVCeleb_v1.2\FakeVideo-FakeAudio\African\women\id03658\00077_id02948_wavtolip.mp4,1,FakeVideo-FakeAudio,African,women,id03658
FakeAVCeleb_v1.2,FakeAVCeleb_v1.2__FakeVideo-FakeAudio__African__women__id03658__00077_id04055_wavtolip.mp4,data\raw\FakeAVCeleb_v1.2\FakeVideo-FakeAudio\African\women\id03658\00077_id04055_wavtolip.mp4,1,FakeVideo-FakeAudio,African,women,id03658
FakeAVCeleb_v1.2,FakeAVCeleb_v1.2__FakeVideo-FakeAudio__African__women__id03658__00077_id04245_nQD_PRlBDyw_id02617_wavtolip.mp4,data\raw\FakeAVCeleb_v1.2\FakeVideo-FakeAudio\African\women\id03658\00077_id04245_nQD_PRlBDyw_id02617_wavtolip.mp4,1,FakeVideo-FakeAudio,African,women,id03658
FakeAVCeleb_v1.2,FakeAVCeleb_v1.2__FakeVideo-FakeAudio__African__women__id03658__00077_id05231_wavtolip.mp4,data\raw\FakeAVCeleb_v1.2\FakeVideo-FakeAudio\African\women\id03658\00077_id05231_wavtolip.mp4,1,FakeVideo-FakeAudio,African,women,id03658
FakeAVCeleb_v1.2,FakeAVCeleb_v1.2__FakeVideo-FakeAudio__African__women__id03658__00077_id05252_wavtolip.mp4,data\raw\FakeAVCeleb_v1.2\FakeVideo-FakeAudio\African\women\id03658\00077_id05252_wavtolip.mp4,1,FakeVideo-FakeAudio,African,women,id03658
FakeAVCeleb_v1.2,FakeAVCeleb_v1.2__FakeVideo-FakeAudio__African__women__id03658__00077_id05980_wavtolip.mp4,data\raw\FakeAVCeleb_v1.2\FakeVideo-FakeAudio\African\women\id03658\00077_id05980_wavtolip.mp4,1,FakeVideo-FakeAudio,African,women,id03658
FakeAVCeleb_v1.2,FakeAVCeleb_v1.2__FakeVideo-FakeAudio__African__women__id03713__00249_id00371_t20i0HtPwW0_id04689_wavtolip.mp4,data\raw\FakeAVCeleb_v1.2\FakeVideo-FakeAudio\African\women\id03713\00249_id00371_t20i0HtPwW0_id04689_wavtolip.mp4,1,FakeVideo-FakeAudio,African,women,id03713
FakeAVCeleb_v1.2,FakeAVCeleb_v1.2__FakeVideo-FakeAudio__African__women__id03713__00249_id00371_wavtolip.mp4,data\raw\FakeAVCeleb_v1.2\FakeVideo-FakeAudio\African\women\id03713\00249_id00371_wavtolip.mp4,1,FakeVideo-FakeAudio,African,women,id03713
FakeAVCeleb_v1.2,FakeAVCeleb_v1.2__FakeVideo-FakeAudio__African__women__id03713__00249_id00577_wavtolip.mp4,data\raw\FakeAVCeleb_v1.2\FakeVideo-FakeAudio\African\women\id03713\00249_id00577_wavtolip.mp4,1,FakeVideo-FakeAudio,African,women,id03713
FakeAVCeleb_v1.2,FakeAVCeleb_v1.2__FakeVideo-FakeAudio__African__women__id03713__00249_id01532_XnlWp_s_f7Q_id05106_wavtolip.mp4,data\raw\FakeAVCeleb_v1.2\FakeVideo-FakeAudio\African\women\id03713\00249_id01532_XnlWp_s_f7Q_id05106_wavtolip.mp4,1,FakeVideo-FakeAudio,African,women,id03713
FakeAVCeleb_v1.2,FakeAVCeleb_v1.2__FakeVideo-FakeAudio__African__women__id03713__00249_id01661_wavtolip.mp4,data\raw\FakeAVCeleb_v1.2\FakeVideo-FakeAudio\African\women\id03713\00249_id01661_wavtolip.mp4,1,FakeVideo-FakeAudio,African,women,id03713
FakeAVCeleb_v1.2,FakeAVCeleb_v1.2__FakeVideo-FakeAudio__African__women__id03713__00249_id01783_wavtolip.mp4,data\raw\FakeAVCeleb_v1.2\FakeVideo-FakeAudio\African\women\id03713\00249_id01783_wavtolip.mp4,1,FakeVideo-FakeAudio,African,women,id03713
FakeAVCeleb_v1.2,FakeAVCeleb_v1.2__FakeVideo-FakeAudio__African__women__id03713__00249_id02508_wavtolip.mp4,data\raw\FakeAVCeleb_v1.2\FakeVideo-FakeAudio\African\women\id03713\00249_id02508_wavtolip.mp4,1,FakeVideo-FakeAudio,African,women,id03713
FakeAVCeleb_v1.2,FakeAVCeleb_v1.2__FakeVideo-FakeAudio__African__women__id03713__00249_id02586_wavtolip.mp4,data\raw\FakeAVCeleb_v1.2\FakeVideo-FakeAudio\African\women\id03713\00249_id02586_wavtolip.mp4,1,FakeVideo-FakeAudio,African,women,id03713
FakeAVCeleb_v1.2,FakeAVCeleb_v1.2__FakeVideo-FakeAudio__African__women__id03713__00249_id02617_4EZjRXC4fLk_faceswap_id00220_wavtolip.mp4,data\raw\FakeAVCeleb_v1.2\FakeVideo-FakeAudio\African\women\id03713\00249_id02617_4EZjRXC4fLk_faceswap_id00220_wavtolip.mp4,1,FakeVideo-FakeAudio,African,women,id03713
FakeAVCeleb_v1.2,FakeAVCeleb_v1.2__FakeVideo-FakeAudio__African__women__id03713__00249_id02617_4EZjRXC4fLk_faceswap_id00832_wavtolip.mp4,data\raw\FakeAVCeleb_v1.2\FakeVideo-FakeAudio\African\women\id03713\00249_id02617_4EZjRXC4fLk_faceswap_id00832_wavtolip.mp4,1,FakeVideo-FakeAudio,African,women,id03713
FakeAVCeleb_v1.2,FakeAVCeleb_v1.2__FakeVideo-FakeAudio__African__women__id03713__00249_id02617_4EZjRXC4fLk_faceswap_id01178_wavtolip.mp4,data\raw\FakeAVCeleb_v1.2\FakeVideo-FakeAudio\African\women\id03713\00249_id02617_4EZjRXC4fLk_faceswap_id01178_wavtolip.mp4,1,FakeVideo-FakeAudio,African,women,id03713
FakeAVCeleb_v1.2,FakeAVCeleb_v1.2__FakeVideo-FakeAudio__African__women__id03713__00249_id02617_4EZjRXC4fLk_faceswap_id01532_wavtolip.mp4,data\raw\FakeAVCeleb_v1.2\FakeVideo-FakeAudio\African\women\id03713\00249_id02617_4EZjRXC4fLk_faceswap_id01532_wavtolip.mp4,1,FakeVideo-FakeAudio,African,women,id03713
FakeAVCeleb_v1.2,FakeAVCeleb_v1.2__FakeVideo-FakeAudio__African__women__id03713__00249_id02617_4EZjRXC4fLk_faceswap_id04245_wavtolip.mp4,data\raw\FakeAVCeleb_v1.2\FakeVideo-FakeAudio\African\women\id03713\00249_id02617_4EZjRXC4fLk_faceswap_id04245_wavtolip.mp4,1,FakeVideo-FakeAudio,African,women,id03713
FakeAVCeleb_v1.2,FakeAVCeleb_v1.2__FakeVideo-FakeAudio__African__women__id03713__00249_id02721_wavtolip.mp4,data\raw\FakeAVCeleb_v1.2\FakeVideo-FakeAudio\African\women\id03713\00249_id02721_wavtolip.mp4,1,FakeVideo-FakeAudio,African,women,id03713
FakeAVCeleb_v1.2,FakeAVCeleb_v1.2__FakeVideo-FakeAudio__African__women__id03713__00249_id02824_glBy_mYcXZw_id04437_wavtolip.mp4,data\raw\FakeAVCeleb_v1.2\FakeVideo-FakeAudio\African\women\id03713\00249_id02824_glBy_mYcXZw_id04437_wavtolip.mp4,1,FakeVideo-FakeAudio,African,women,id03713
FakeAVCeleb_v1.2,FakeAVCeleb_v1.2__FakeVideo-FakeAudio__African__women__id03713__00249_id03103_wiCYm3THQPw_id04820_wavtolip.mp4,data\raw\FakeAVCeleb_v1.2\FakeVideo-FakeAudio\African\women\id03713\00249_id03103_wiCYm3THQPw_id04820_wavtolip.mp4,1,FakeVideo-FakeAudio,African,women,id03713
FakeAVCeleb_v1.2,FakeAVCeleb_v1.2__FakeVideo-FakeAudio__African__women__id03713__00249_id03658_8Wtu9VXKqjY_id05235_wavtolip.mp4,data\raw\FakeAVCeleb_v1.2\FakeVideo-FakeAudio\African\women\id03713\00249_id03658_8Wtu9VXKqjY_id05235_wavtolip.mp4,1,FakeVideo-FakeAudio,African,women,id03713
FakeAVCeleb_v1.2,FakeAVCeleb_v1.2__FakeVideo-FakeAudio__African__women__id03713__00249_id04736_wavtolip.mp4,data\raw\FakeAVCeleb_v1.2\FakeVideo-FakeAudio\African\women\id03713\00249_id04736_wavtolip.mp4,1,FakeVideo-FakeAudio,African,women,id03713
FakeAVCeleb_v1.2,FakeAVCeleb_v1.2__FakeVideo-FakeAudio__African__women__id03713__00249_id04736__D2k4fMhEfQ_id00829_wavtolip.mp4,data\raw\FakeAVCeleb_v1.2\FakeVideo-FakeAudio\African\women\id03713\00249_id04736__D2k4fMhEfQ_id00829_wavtolip.mp4,1,FakeVideo-FakeAudio,African,women,id03713
FakeAVCeleb_v1.2,FakeAVCeleb_v1.2__FakeVideo-FakeAudio__African__women__id04736__00083_id00359_wavtolip.mp4,data\raw\FakeAVCeleb_v1.2\FakeVideo-FakeAudio\African\women\id04736\00083_id00359_wavtolip.mp4,1,FakeVideo-FakeAudio,African,women,id04736
FakeAVCeleb_v1.2,FakeAVCeleb_v1.2__FakeVideo-FakeAudio__African__women__id04736__00083_id01661_wavtolip.mp4,data\raw\FakeAVCeleb_v1.2\FakeVideo-FakeAudio\African\women\id04736\00083_id01661_wavtolip.mp4,1,FakeVideo-FakeAudio,African,women,id04736
FakeAVCeleb_v1.2,FakeAVCeleb_v1.2__FakeVideo-FakeAudio__African__women__id04736__00083_id02071_wavtolip.mp4,data\raw\FakeAVCeleb_v1.2\FakeVideo-FakeAudio\African\women\id04736\00083_id02071_wavtolip.mp4,1,FakeVideo-FakeAudio,African,women,id04736
FakeAVCeleb_v1.2,FakeAVCeleb_v1.2__FakeVideo-FakeAudio__African__women__id04736__00083_id02508_wavtolip.mp4,data\raw\FakeAVCeleb_v1.2\FakeVideo-FakeAudio\African\women\id04736\00083_id02508_wavtolip.mp4,1,FakeVideo-FakeAudio,African,women,id04736
FakeAVCeleb_v1.2,FakeAVCeleb_v1.2__FakeVideo-FakeAudio__African__women__id04736__00083_id04055_wavtolip.mp4,data\raw\FakeAVCeleb_v1.2\FakeVideo-FakeAudio\African\women\id04736\00083_id04055_wavtolip.mp4,1,FakeVideo-FakeAudio,African,women,id04736
FakeAVCeleb_v1.2,FakeAVCeleb_v1.2__FakeVideo-FakeAudio__African__women__id04736__00083_id04689_wavtolip.mp4,data\raw\FakeAVCeleb_v1.2\FakeVideo-FakeAudio\African\women\id04736\00083_id04689_wavtolip.mp4,1,FakeVideo-FakeAudio,African,women,id04736
FakeAVCeleb_v1.2,FakeAVCeleb_v1.2__FakeVideo-FakeAudio__African__women__id04736__00083_id05235_ASy8lP3SRtw_faceswap_id00592_wavtolip.mp4,data\raw\FakeAVCeleb_v1.2\FakeVideo-FakeAudio\African\women\id04736\00083_id05235_ASy8lP3SRtw_faceswap_id00592_wavtolip.mp4,1,FakeVideo-FakeAudio,African,women,id04736
FakeAVCeleb_v1.2,FakeAVCeleb_v1.2__FakeVideo-FakeAudio__African__women__id04736__00083_id05235_ASy8lP3SRtw_faceswap_id01907_wavtolip.mp4,data\raw\FakeAVCeleb_v1.2\FakeVideo-FakeAudio\African\women\id04736\00083_id05235_ASy8lP3SRtw_faceswap_id01907_wavtolip.mp4,1,FakeVideo-FakeAudio,African,women,id04736
FakeAVCeleb_v1.2,FakeAVCeleb_v1.2__FakeVideo-FakeAudio__African__women__id04736__00083_id05235_ASy8lP3SRtw_faceswap_id02721_wavtolip.mp4,data\raw\FakeAVCeleb_v1.2\FakeVideo-FakeAudio\African\women\id04736\00083_id05235_ASy8lP3SRtw_faceswap_id02721_wavtolip.mp4,1,FakeVideo-FakeAudio,African,women,id04736
FakeAVCeleb_v1.2,FakeAVCeleb_v1.2__FakeVideo-FakeAudio__African__women__id04736__00083_id05235_ASy8lP3SRtw_faceswap_id04245_wavtolip.mp4,data\raw\FakeAVCeleb_v1.2\FakeVideo-FakeAudio\African\women\id04736\00083_id05235_ASy8lP3SRtw_faceswap_id04245_wavtolip.mp4,1,FakeVideo-FakeAudio,African,women,id04736
FakeAVCeleb_v1.2,FakeAVCeleb_v1.2__FakeVideo-FakeAudio__African__women__id04736__00083_id05235_ASy8lP3SRtw_id05231_wavtolip.mp4,data\raw\FakeAVCeleb_v1.2\FakeVideo-FakeAudio\African\women\id04736\00083_id05235_ASy8lP3SRtw_id05231_wavtolip.mp4,1,FakeVideo-FakeAudio,African,women,id04736
FakeAVCeleb_v1.2,FakeAVCeleb_v1.2__FakeVideo-FakeAudio__African__women__id04736__00083_id05251_wavtolip.mp4,data\raw\FakeAVCeleb_v1.2\FakeVideo-FakeAudio\African\women\id04736\00083_id05251_wavtolip.mp4,1,FakeVideo-FakeAudio,African,women,id04736
FakeAVCeleb_v1.2,FakeAVCeleb_v1.2__FakeVideo-FakeAudio__African__women__id04736__00083_id05252_wavtolip.mp4,data\raw\FakeAVCeleb_v1.2\FakeVideo-FakeAudio\African\women\id04736\00083_id05252_wavtolip.mp4,1,FakeVideo-FakeAudio,African,women,id04736
FakeAVCeleb_v1.2,FakeAVCeleb_v1.2__FakeVideo-FakeAudio__Asian (East)__men__id00056__00028_id01683_HJYEPsPyfAw_id04884_wavtolip.mp4,data\raw\FakeAVCeleb_v1.2\FakeVideo-FakeAudio\Asian (East)\men\id00056\00028_id01683_HJYEPsPyfAw_id04884_wavtolip.mp4,1,FakeVideo-FakeAudio,Asian (East),men,id00056
FakeAVCeleb_v1.2,FakeAVCeleb_v1.2__FakeVideo-FakeAudio__Asian (East)__men__id00056__00028_id02332_wavtolip.mp4,data\raw\FakeAVCeleb_v1.2\FakeVideo-FakeAudio\Asian (East)\men\id00056\00028_id02332_wavtolip.mp4,1,FakeVideo-FakeAudio,Asian (East),men,id00056
FakeAVCeleb_v1.2,FakeAVCeleb_v1.2__FakeVideo-FakeAudio__Asian (East)__men__id00056__00028_id02365_KTHM_LvjcgY_id02553_wavtolip.mp4,data\raw\FakeAVCeleb_v1.2\FakeVideo-FakeAudio\Asian (East)\men\id00056\00028_id02365_KTHM_LvjcgY_id02553_wavtolip.mp4,1,FakeVideo-FakeAudio,Asian (East),men,id00056
FakeAVCeleb_v1.2,FakeAVCeleb_v1.2__FakeVideo-FakeAudio__Asian (East)__men__id00056__00028_id03168_wavtolip.mp4,data\raw\FakeAVCeleb_v1.2\FakeVideo-FakeAudio\Asian (East)\men\id00056\00028_id03168_wavtolip.mp4,1,FakeVideo-FakeAudio,Asian (East),men,id00056
FakeAVCeleb_v1.2,FakeAVCeleb_v1.2__FakeVideo-FakeAudio__Asian (East)__men__id00056__00028_id04111_Fg4CZ7ZzAGU_id06269_wavtolip.mp4,data\raw\FakeAVCeleb_v1.2\FakeVideo-FakeAudio\Asian (East)\men\id00056\00028_id04111_Fg4CZ7ZzAGU_id06269_wavtolip.mp4,1,FakeVideo-FakeAudio,Asian (East),men,id00056
FakeAVCeleb_v1.2,FakeAVCeleb_v1.2__FakeVideo-FakeAudio__Asian (East)__men__id00056__00028_id04111_wavtolip.mp4,data\raw\FakeAVCeleb_v1.2\FakeVideo-FakeAudio\Asian (East)\men\id00056\00028_id04111_wavtolip.mp4,1,FakeVideo-FakeAudio,Asian (East),men,id00056
FakeAVCeleb_v1.2,FakeAVCeleb_v1.2__FakeVideo-FakeAudio__Asian (East)__men__id00056__00028_id04691_wavtolip.mp4,data\raw\FakeAVCeleb_v1.2\FakeVideo-FakeAudio\Asian (East)\men\id00056\00028_id04691_wavtolip.mp4,1,FakeVideo-FakeAudio,Asian (East),men,id00056
FakeAVCeleb_v1.2,FakeAVCeleb_v1.2__FakeVideo-FakeAudio__Asian (East)__men__id00056__00028_id04884_wavtolip.mp4,data\raw\FakeAVCeleb_v1.2\FakeVideo-FakeAudio\Asian (East)\men\id00056\00028_id04884_wavtolip.mp4,1,FakeVideo-FakeAudio,Asian (East),men,id00056
FakeAVCeleb_v1.2,FakeAVCeleb_v1.2__FakeVideo-FakeAudio__Asian (East)__men__id00056__00028_id05268_wavtolip.mp4,data\raw\FakeAVCeleb_v1.2\FakeVideo-FakeAudio\Asian (East)\men\id00056\00028_id05268_wavtolip.mp4,1,FakeVideo-FakeAudio,Asian (East),men,id00056
FakeAVCeleb_v1.2,FakeAVCeleb_v1.2__FakeVideo-FakeAudio__Asian (East)__men__id00056__00028_id05332_wavtolip.mp4,data\raw\FakeAVCeleb_v1.2\FakeVideo-FakeAudio\Asian (East)\men\id00056\00028_id05332_wavtolip.mp4,1,FakeVideo-FakeAudio,Asian (East),men,id00056
FakeAVCeleb_v1.2,FakeAVCeleb_v1.2__FakeVideo-FakeAudio__Asian (East)__men__id00056__00028_id05743_Fjri4MXHXWY_id08613_wavtolip.mp4,data\raw\FakeAVCeleb_v1.2\FakeVideo-FakeAudio\Asian (East)\men\id00056\00028_id05743_Fjri4MXHXWY_id08613_wavtolip.mp4,1,FakeVideo-FakeAudio,Asian (East),men,id00056
FakeAVCeleb_v1.2,FakeAVCeleb_v1.2__FakeVideo-FakeAudio__Asian (East)__men__id00056__00028_id06269_Jm9bEizIGBE_id08652_wavtolip.mp4,data\raw\FakeAVCeleb_v1.2\FakeVideo-FakeAudio\Asian (East)\men\id00056\00028_id06269_Jm9bEizIGBE_id08652_wavtolip.mp4,1,FakeVideo-FakeAudio,Asian (East),men,id00056
FakeAVCeleb_v1.2,FakeAVCeleb_v1.2__FakeVideo-FakeAudio__Asian (East)__men__id00056__00028_id06269_wavtolip.mp4,data\raw\FakeAVCeleb_v1.2\FakeVideo-FakeAudio\Asian (East)\men\id00056\00028_id06269_wavtolip.mp4,1,FakeVideo-FakeAudio,Asian (East),men,id00056
FakeAVCeleb_v1.2,FakeAVCeleb_v1.2__FakeVideo-FakeAudio__Asian (East)__men__id00056__00028_id06470_XoAiqCrOlyk_id06269_wavtolip.mp4,data\raw\FakeAVCeleb_v1.2\FakeVideo-FakeAudio\Asian (East)\men\id00056\00028_id06470_XoAiqCrOlyk_id06269_wavtolip.mp4,1,FakeVideo-FakeAudio,Asian (East),men,id00056
FakeAVCeleb_v1.2,FakeAVCeleb_v1.2__FakeVideo-FakeAudio__Asian (East)__men__id00056__00028_id06776_wavtolip.mp4,data\raw\FakeAVCeleb_v1.2\FakeVideo-FakeAudio\Asian (East)\men\id00056\00028_id06776_wavtolip.mp4,1,FakeVideo-FakeAudio,Asian (East),men,id00056
FakeAVCeleb_v1.2,FakeAVCeleb_v1.2__FakeVideo-FakeAudio__Asian (East)__men__id00056__00028_id07102_4gKPlwvjpsI_faceswap_id00740_wavtolip.mp4,data\raw\FakeAVCeleb_v1.2\FakeVideo-FakeAudio\Asian (East)\men\id00056\00028_id07102_4gKPlwvjpsI_faceswap_id00740_wavtolip.mp4,1,FakeVideo-FakeAudio,Asian (East),men,id00056
FakeAVCeleb_v1.2,FakeAVCeleb_v1.2__FakeVideo-FakeAudio__Asian (East)__men__id00056__00028_id07102_4gKPlwvjpsI_faceswap_id04691_wavtolip.mp4,data\raw\FakeAVCeleb_v1.2\FakeVideo-FakeAudio\Asian (East)\men\id00056\00028_id07102_4gKPlwvjpsI_faceswap_id04691_wavtolip.mp4,1,FakeVideo-FakeAudio,Asian (East),men,id00056
FakeAVCeleb_v1.2,FakeAVCeleb_v1.2__FakeVideo-FakeAudio__Asian (East)__men__id00056__00028_id07102_4gKPlwvjpsI_faceswap_id05268_wavtolip.mp4,data\raw\FakeAVCeleb_v1.2\FakeVideo-FakeAudio\Asian (East)\men\id00056\00028_id07102_4gKPlwvjpsI_faceswap_id05268_wavtolip.mp4,1,FakeVideo-FakeAudio,Asian (East),men,id00056
FakeAVCeleb_v1.2,FakeAVCeleb_v1.2__FakeVideo-FakeAudio__Asian (East)__men__id00056__00028_id07102_4gKPlwvjpsI_faceswap_id06269_wavtolip.mp4,data\raw\FakeAVCeleb_v1.2\FakeVideo-FakeAudio\Asian (East)\men\id00056\00028_id07102_4gKPlwvjpsI_faceswap_id06269_wavtolip.mp4,1,FakeVideo-FakeAudio,Asian (East),men,id00056
FakeAVCeleb_v1.2,FakeAVCeleb_v1.2__FakeVideo-FakeAudio__Asian (East)__men__id00056__00028_id07102_4gKPlwvjpsI_faceswap_id07102_wavtolip.mp4,data\raw\FakeAVCeleb_v1.2\FakeVideo-FakeAudio\Asian (East)\men\id00056\00028_id07102_4gKPlwvjpsI_faceswap_id07102_wavtolip.mp4,1,FakeVideo-FakeAudio,Asian (East),men,id00056
FakeAVCeleb_v1.2,FakeAVCeleb_v1.2__FakeVideo-FakeAudio__Asian (East)__men__id00056__00028_id07102_4gKPlwvjpsI_id01204_wavtolip.mp4,data\raw\FakeAVCeleb_v1.2\FakeVideo-FakeAudio\Asian (East)\men\id00056\00028_id07102_4gKPlwvjpsI_id01204_wavtolip.mp4,1,FakeVideo-FakeAudio,Asian (East),men,id00056
FakeAVCeleb_v1.2,FakeAVCeleb_v1.2__FakeVideo-FakeAudio__Asian (East)__men__id00056__00028_id07102_wavtolip.mp4,data\raw\FakeAVCeleb_v1.2\FakeVideo-FakeAudio\Asian (East)\men\id00056\00028_id07102_wavtolip.mp4,1,FakeVideo-FakeAudio,Asian (East),men,id00056
FakeAVCeleb_v1.2,FakeAVCeleb_v1.2__FakeVideo-FakeAudio__Asian (East)__men__id00056__00028_id09053_6baCAGutGFg_id04687_wavtolip.mp4,data\raw\FakeAVCeleb_v1.2\FakeVideo-FakeAudio\Asian (East)\men\id00056\00028_id09053_6baCAGutGFg_id04687_wavtolip.mp4,1,FakeVideo-FakeAudio,Asian (East),men,id00056
FakeAVCeleb_v1.2,FakeAVCeleb_v1.2__FakeVideo-FakeAudio__Asian (East)__men__id03965__00051_id00126_wavtolip.mp4,data\raw\FakeAVCeleb_v1.2\FakeVideo-FakeAudio\Asian (East)\men\id03965\00051_id00126_wavtolip.mp4,1,FakeVideo-FakeAudio,Asian (East),men,id03965
FakeAVCeleb_v1.2,FakeAVCeleb_v1.2__FakeVideo-FakeAudio__Asian (East)__men__id03965__00051_id00863_wavtolip.mp4,data\raw\FakeAVCeleb_v1.2\FakeVideo-FakeAudio\Asian (East)\men\id03965\00051_id00863_wavtolip.mp4,1,FakeVideo-FakeAudio,Asian (East),men,id03965
FakeAVCeleb_v1.2,FakeAVCeleb_v1.2__FakeVideo-FakeAudio__Asian (East)__men__id03965__00051_id01204_wavtolip.mp4,data\raw\FakeAVCeleb_v1.2\FakeVideo-FakeAudio\Asian (East)\men\id03965\00051_id01204_wavtolip.mp4,1,FakeVideo-FakeAudio,Asian (East),men,id03965
FakeAVCeleb_v1.2,FakeAVCeleb_v1.2__FakeVideo-FakeAudio__Asian (East)__men__id03965__00051_id02561_wavtolip.mp4,data\raw\FakeAVCeleb_v1.2\FakeVideo-FakeAudio\Asian (East)\men\id03965\00051_id02561_wavtolip.mp4,1,FakeVideo-FakeAudio,Asian (East),men,id03965
FakeAVCeleb_v1.2,FakeAVCeleb_v1.2__FakeVideo-FakeAudio__Asian (East)__men__id03965__00051_id04111_wavtolip.mp4,data\raw\FakeAVCeleb_v1.2\FakeVideo-FakeAudio\Asian (East)\men\id03965\00051_id04111_wavtolip.mp4,1,FakeVideo-FakeAudio,Asian (East),men,id03965
FakeAVCeleb_v1.2,FakeAVCeleb_v1.2__FakeVideo-FakeAudio__Asian (East)__men__id03965__00051_id04222_wavtolip.mp4,data\raw\FakeAVCeleb_v1.2\FakeVideo-FakeAudio\Asian (East)\men\id03965\00051_id04222_wavtolip.mp4,1,FakeVideo-FakeAudio,Asian (East),men,id03965
FakeAVCeleb_v1.2,FakeAVCeleb_v1.2__FakeVideo-FakeAudio__Asian (East)__men__id03965__00051_id04774_wavtolip.mp4,data\raw\FakeAVCeleb_v1.2\FakeVideo-FakeAudio\Asian (East)\men\id03965\00051_id04774_wavtolip.mp4,1,FakeVideo-FakeAudio,Asian (East),men,id03965
FakeAVCeleb_v1.2,FakeAVCeleb_v1.2__FakeVideo-FakeAudio__Asian (East)__men__id03965__00051_id04884_wavtolip.mp4,data\raw\FakeAVCeleb_v1.2\FakeVideo-FakeAudio\Asian (East)\men\id03965\00051_id04884_wavtolip.mp4,1,FakeVideo-FakeAudio,Asian (East),men,id03965
FakeAVCeleb_v1.2,FakeAVCeleb_v1.2__FakeVideo-FakeAudio__Asian (East)__men__id03965__00051_id05268_wavtolip.mp4,data\raw\FakeAVCeleb_v1.2\FakeVideo-FakeAudio\Asian (East)\men\id03965\00051_id05268_wavtolip.mp4,1,FakeVideo-FakeAudio,Asian (East),men,id03965
FakeAVCeleb_v1.2,FakeAVCeleb_v1.2__FakeVideo-FakeAudio__Asian (East)__men__id03965__00051_id05383_wavtolip.mp4,data\raw\FakeAVCeleb_v1.2\FakeVideo-FakeAudio\Asian (East)\men\id03965\00051_id05383_wavtolip.mp4,1,FakeVideo-FakeAudio,Asian (East),men,id03965
FakeAVCeleb_v1.2,FakeAVCeleb_v1.2__FakeVideo-FakeAudio__Asian (East)__men__id03965__00051_id05743_wavtolip.mp4,data\raw\FakeAVCeleb_v1.2\FakeVideo-FakeAudio\Asian (East)\men\id03965\00051_id05743_wavtolip.mp4,1,FakeVideo-FakeAudio,Asian (East),men,id03965
FakeAVCeleb_v1.2,FakeAVCeleb_v1.2__FakeVideo-FakeAudio__Asian (East)__men__id03965__00051_id06467_wavtolip.mp4,data\raw\FakeAVCeleb_v1.2\FakeVideo-FakeAudio\Asian (East)\men\id03965\00051_id06467_wavtolip.mp4,1,FakeVideo-FakeAudio,Asian (East),men,id03965
FakeAVCeleb_v1.2,FakeAVCeleb_v1.2__FakeVideo-FakeAudio__Asian (East)__men__id03965__00051_id06878_wavtolip.mp4,data\raw\FakeAVCeleb_v1.2\FakeVideo-FakeAudio\Asian (East)\men\id03965\00051_id06878_wavtolip.mp4,1,FakeVideo-FakeAudio,Asian (East),men,id03965
FakeAVCeleb_v1.2,FakeAVCeleb_v1.2__FakeVideo-FakeAudio__Asian (East)__men__id04222__00078_id00056_wavtolip.mp4,data\raw\FakeAVCeleb_v1.2\FakeVideo-FakeAudio\Asian (East)\men\id04222\00078_id00056_wavtolip.mp4,1,FakeVideo-FakeAudio,Asian (East),men,id04222
FakeAVCeleb_v1.2,FakeAVCeleb_v1.2__FakeVideo-FakeAudio__Asian (East)__men__id04222__00078_id01204_wavtolip.mp4,data\raw\FakeAVCeleb_v1.2\FakeVideo-FakeAudio\Asian (East)\men\id04222\00078_id01204_wavtolip.mp4,1,FakeVideo-FakeAudio,Asian (East),men,id04222
FakeAVCeleb_v1.2,FakeAVCeleb_v1.2__FakeVideo-FakeAudio__Asian (East)__men__id04222__00078_id02332_hlo8q3-L9vI_faceswap_id00126_wavtolip.mp4,data\raw\FakeAVCeleb_v1.2\FakeVideo-FakeAudio\Asian (East)\men\id04222\00078_id02332_hlo8q3-L9vI_faceswap_id00126_wavtolip.mp4,1,FakeVideo-FakeAudio,Asian (East),men,id04222
FakeAVCeleb_v1.2,FakeAVCeleb_v1.2__FakeVideo-FakeAudio__Asian (East)__men__id04222__00078_id02332_hlo8q3-L9vI_faceswap_id01204_wavtolip.mp4,data\raw\FakeAVCeleb_v1.2\FakeVideo-FakeAudio\Asian (East)\men\id04222\00078_id02332_hlo8q3-L9vI_faceswap_id01204_wavtolip.mp4,1,FakeVideo-FakeAudio,Asian (East),men,id04222
FakeAVCeleb_v1.2,FakeAVCeleb_v1.2__FakeVideo-FakeAudio__Asian (East)__men__id04222__00078_id02332_hlo8q3-L9vI_faceswap_id05743_wavtolip.mp4,data\raw\FakeAVCeleb_v1.2\FakeVideo-FakeAudio\Asian (East)\men\id04222\00078_id02332_hlo8q3-L9vI_faceswap_id05743_wavtolip.mp4,1,FakeVideo-FakeAudio,Asian (East),men,id04222
FakeAVCeleb_v1.2,FakeAVCeleb_v1.2__FakeVideo-FakeAudio__Asian (East)__men__id04222__00078_id02332_hlo8q3-L9vI_faceswap_id06269_wavtolip.mp4,data\raw\FakeAVCeleb_v1.2\FakeVideo-FakeAudio\Asian (East)\men\id04222\00078_id02332_hlo8q3-L9vI_faceswap_id06269_wavtolip.mp4,1,FakeVideo-FakeAudio,Asian (East),men,id04222
FakeAVCeleb_v1.2,FakeAVCeleb_v1.2__FakeVideo-FakeAudio__Asian (East)__men__id04222__00078_id02332_hlo8q3-L9vI_faceswap_id06470_wavtolip.mp4,data\raw\FakeAVCeleb_v1.2\FakeVideo-FakeAudio\Asian (East)\men\id04222\00078_id02332_hlo8q3-L9vI_faceswap_id06470_wavtolip.mp4,1,FakeVideo-FakeAudio,Asian (East),men,id04222
FakeAVCeleb_v1.2,FakeAVCeleb_v1.2__FakeVideo-FakeAudio__Asian (East)__men__id04222__00078_id02332_hlo8q3-L9vI_id04222_wavtolip.mp4,data\raw\FakeAVCeleb_v1.2\FakeVideo-FakeAudio\Asian (East)\men\id04222\00078_id02332_hlo8q3-L9vI_id04222_wavtolip.mp4,1,FakeVideo-FakeAudio,Asian (East),men,id04222
FakeAVCeleb_v1.2,FakeAVCeleb_v1.2__FakeVideo-FakeAudio__Asian (East)__men__id04222__00078_id02365_wavtolip.mp4,data\raw\FakeAVCeleb_v1.2\FakeVideo-FakeAudio\Asian (East)\men\id04222\00078_id02365_wavtolip.mp4,1,FakeVideo-FakeAudio,Asian (East),men,id04222
FakeAVCeleb_v1.2,FakeAVCeleb_v1.2__FakeVideo-FakeAudio__Asian (East)__men__id04222__00078_id04687_cSxCV6zdmwo_id05332_wavtolip.mp4,data\raw\FakeAVCeleb_v1.2\FakeVideo-FakeAudio\Asian (East)\men\id04222\00078_id04687_cSxCV6zdmwo_id05332_wavtolip.mp4,1,FakeVideo-FakeAudio,Asian (East),men,id04222
FakeAVCeleb_v1.2,FakeAVCeleb_v1.2__FakeVideo-FakeAudio__Asian (East)__men__id04222__00078_id04774_k3yOcTA95dg_id04789_wavtolip.mp4,data\raw\FakeAVCeleb_v1.2\FakeVideo-FakeAudio\Asian (East)\men\id04222\00078_id04774_k3yOcTA95dg_id04789_wavtolip.mp4,1,FakeVideo-FakeAudio,Asian (East),men,id04222
FakeAVCeleb_v1.2,FakeAVCeleb_v1.2__FakeVideo-FakeAudio__Asian (East)__men__id04222__00078_id04774_wavtolip.mp4,data\raw\FakeAVCeleb_v1.2\FakeVideo-FakeAudio\Asian (East)\men\id04222\00078_id04774_wavtolip.mp4,1,FakeVideo-FakeAudio,Asian (East),men,id04222
FakeAVCeleb_v1.2,FakeAVCeleb_v1.2__FakeVideo-FakeAudio__Asian (East)__men__id04222__00078_id04789_wavtolip.mp4,data\raw\FakeAVCeleb_v1.2\FakeVideo-FakeAudio\Asian (East)\men\id04222\00078_id04789_wavtolip.mp4,1,FakeVideo-FakeAudio,Asian (East),men,id04222
FakeAVCeleb_v1.2,FakeAVCeleb_v1.2__FakeVideo-FakeAudio__Asian (East)__men__id04222__00078_id05268_wavtolip.mp4,data\raw\FakeAVCeleb_v1.2\FakeVideo-FakeAudio\Asian (East)\men\id04222\00078_id05268_wavtolip.mp4,1,FakeVideo-FakeAudio,Asian (East),men,id04222
FakeAVCeleb_v1.2,FakeAVCeleb_v1.2__FakeVideo-FakeAudio__Asian (East)__men__id04222__00078_id05383_wavtolip.mp4,data\raw\FakeAVCeleb_v1.2\FakeVideo-FakeAudio\Asian (East)\men\id04222\00078_id05383_wavtolip.mp4,1,FakeVideo-FakeAudio,Asian (East),men,id04222
FakeAVCeleb_v1.2,FakeAVCeleb_v1.2__FakeVideo-FakeAudio__Asian (East)__men__id04222__00078_id06467_bN8jVda0Byw_id04691_wavtolip.mp4,data\raw\FakeAVCeleb_v1.2\FakeVideo-FakeAudio\Asian (East)\men\id04222\00078_id06467_bN8jVda0Byw_id04691_wavtolip.mp4,1,FakeVideo-FakeAudio,Asian (East),men,id04222
FakeAVCeleb_v1.2,FakeAVCeleb_v1.2__FakeVideo-FakeAudio__Asian (East)__men__id04222__00078_id07102_4gKPlwvjpsI_id00740_wavtolip.mp4,data\raw\FakeAVCeleb_v1.2\FakeVideo-FakeAudio\Asian (East)\men\id04222\00078_id07102_4gKPlwvjpsI_id00740_wavtolip.mp4,1,FakeVideo-FakeAudio,Asian (East),men,id04222
FakeAVCeleb_v1.2,FakeAVCeleb_v1.2__FakeVideo-FakeAudio__Asian (East)__men__id04222__00078_id08299_wavtolip.mp4,data\raw\FakeAVCeleb_v1.2\FakeVideo-FakeAudio\Asian (East)\men\id04222\00078_id08299_wavtolip.mp4,1,FakeVideo-FakeAudio,Asian (East),men,id04222
FakeAVCeleb_v1.2,FakeAVCeleb_v1.2__FakeVideo-FakeAudio__Asian (East)__men__id04222__00078_id08652_wavtolip.mp4,data\raw\FakeAVCeleb_v1.2\FakeVideo-FakeAudio\Asian (East)\men\id04222\00078_id08652_wavtolip.mp4,1,FakeVideo-FakeAudio,Asian (East),men,id04222
FakeAVCeleb_v1.2,FakeAVCeleb_v1.2__FakeVideo-FakeAudio__Asian (East)__men__id06591__00021_id00056_wavtolip.mp4,data\raw\FakeAVCeleb_v1.2\FakeVideo-FakeAudio\Asian (East)\men\id06591\00021_id00056_wavtolip.mp4,1,FakeVideo-FakeAudio,Asian (East),men,id06591
FakeAVCeleb_v1.2,FakeAVCeleb_v1.2__FakeVideo-FakeAudio__Asian (East)__men__id06591__00021_id00126_wavtolip.mp4,data\raw\FakeAVCeleb_v1.2\FakeVideo-FakeAudio\Asian (East)\men\id06591\00021_id00126_wavtolip.mp4,1,FakeVideo-FakeAudio,Asian (East),men,id06591
FakeAVCeleb_v1.2,FakeAVCeleb_v1.2__FakeVideo-FakeAudio__Asian (East)__men__id06591__00021_id00560_wavtolip.mp4,data\raw\FakeAVCeleb_v1.2\FakeVideo-FakeAudio\Asian (East)\men\id06591\00021_id00560_wavtolip.mp4,1,FakeVideo-FakeAudio,Asian (East),men,id06591
FakeAVCeleb_v1.2,FakeAVCeleb_v1.2__FakeVideo-FakeAudio__Asian (East)__men__id06591__00021_id00740_wavtolip.mp4,data\raw\FakeAVCeleb_v1.2\FakeVideo-FakeAudio\Asian (East)\men\id06591\00021_id00740_wavtolip.mp4,1,FakeVideo-FakeAudio,Asian (East),men,id06591
FakeAVCeleb_v1.2,FakeAVCeleb_v1.2__FakeVideo-FakeAudio__Asian (East)__men__id06591__00021_id01589_wavtolip.mp4,data\raw\FakeAVCeleb_v1.2\FakeVideo-FakeAudio\Asian (East)\men\id06591\00021_id01589_wavtolip.mp4,1,FakeVideo-FakeAudio,Asian (East),men,id06591
FakeAVCeleb_v1.2,FakeAVCeleb_v1.2__FakeVideo-FakeAudio__Asian (East)__men__id06591__00021_id02553_wavtolip.mp4,data\raw\FakeAVCeleb_v1.2\FakeVideo-FakeAudio\Asian (East)\men\id06591\00021_id02553_wavtolip.mp4,1,FakeVideo-FakeAudio,Asian (East),men,id06591
FakeAVCeleb_v1.2,FakeAVCeleb_v1.2__FakeVideo-FakeAudio__Asian (East)__men__id06591__00021_id04111_wavtolip.mp4,data\raw\FakeAVCeleb_v1.2\FakeVideo-FakeAudio\Asian (East)\men\id06591\00021_id04111_wavtolip.mp4,1,FakeVideo-FakeAudio,Asian (East),men,id06591
FakeAVCeleb_v1.2,FakeAVCeleb_v1.2__FakeVideo-FakeAudio__Asian (East)__men__id06591__00021_id05743_wavtolip.mp4,data\raw\FakeAVCeleb_v1.2\FakeVideo-FakeAudio\Asian (East)\men\id06591\00021_id05743_wavtolip.mp4,1,FakeVideo-FakeAudio,Asian (East),men,id06591
FakeAVCeleb_v1.2,FakeAVCeleb_v1.2__FakeVideo-FakeAudio__Asian (East)__men__id06591__00021_id06591_wavtolip.mp4,data\raw\FakeAVCeleb_v1.2\FakeVideo-FakeAudio\Asian (East)\men\id06591\00021_id06591_wavtolip.mp4,1,FakeVideo-FakeAudio,Asian (East),men,id06591
FakeAVCeleb_v1.2,FakeAVCeleb_v1.2__FakeVideo-FakeAudio__Asian (East)__men__id06591__00021_id07102_wavtolip.mp4,data\raw\FakeAVCeleb_v1.2\FakeVideo-FakeAudio\Asian (East)\men\id06591\00021_id07102_wavtolip.mp4,1,FakeVideo-FakeAudio,Asian (East),men,id06591
FakeAVCeleb_v1.2,FakeAVCeleb_v1.2__FakeVideo-FakeAudio__Asian (East)__men__id06591__00021_id07338_wavtolip.mp4,data\raw\FakeAVCeleb_v1.2\FakeVideo-FakeAudio\Asian (East)\men\id06591\00021_id07338_wavtolip.mp4,1,FakeVideo-FakeAudio,Asian (East),men,id06591
FakeAVCeleb_v1.2,FakeAVCeleb_v1.2__FakeVideo-FakeAudio__Asian (East)__men__id06591__00021_id08299_wavtolip.mp4,data\raw\FakeAVCeleb_v1.2\FakeVideo-FakeAudio\Asian (East)\men\id06591\00021_id08299_wavtolip.mp4,1,FakeVideo-FakeAudio,Asian (East),men,id06591
FakeAVCeleb_v1.2,FakeAVCeleb_v1.2__FakeVideo-FakeAudio__Asian (East)__men__id06591__00021_id09053_wavtolip.mp4,data\raw\FakeAVCeleb_v1.2\FakeVideo-FakeAudio\Asian (East)\men\id06591\00021_id09053_wavtolip.mp4,1,FakeVideo-FakeAudio,Asian (East),men,id06591
FakeAVCeleb_v1.2,FakeAVCeleb_v1.2__FakeVideo-FakeAudio__Asian (East)__men__id08299__00110_0_id01204_wavtolip.mp4,data\raw\FakeAVCeleb_v1.2\FakeVideo-FakeAudio\Asian (East)\men\id08299\00110_0_id01204_wavtolip.mp4,1,FakeVideo-FakeAudio,Asian (East),men,id08299
FakeAVCeleb_v1.2,FakeAVCeleb_v1.2__FakeVideo-FakeAudio__Asian (East)__men__id08299__00110_0_id02493_wavtolip.mp4,data\raw\FakeAVCeleb_v1.2\FakeVideo-FakeAudio\Asian (East)\men\id08299\00110_0_id02493_wavtolip.mp4,1,FakeVideo-FakeAudio,Asian (East),men,id08299
FakeAVCeleb_v1.2,FakeAVCeleb_v1.2__FakeVideo-FakeAudio__Asian (East)__men__id08299__00110_0_id03168_wavtolip.mp4,data\raw\FakeAVCeleb_v1.2\FakeVideo-FakeAudio\Asian (East)\men\id08299\00110_0_id03168_wavtolip.mp4,1,FakeVideo-FakeAudio,Asian (East),men,id08299
FakeAVCeleb_v1.2,FakeAVCeleb_v1.2__FakeVideo-FakeAudio__Asian (East)__men__id08299__00110_0_id03889_wavtolip.mp4,data\raw\FakeAVCeleb_v1.2\FakeVideo-FakeAudio\Asian (East)\men\id08299\00110_0_id03889_wavtolip.mp4,1,FakeVideo-FakeAudio,Asian (East),men,id08299
FakeAVCeleb_v1.2,FakeAVCeleb_v1.2__FakeVideo-FakeAudio__Asian (East)__men__id08299__00110_0_id04687_wavtolip.mp4,data\raw\FakeAVCeleb_v1.2\FakeVideo-FakeAudio\Asian (East)\men\id08299\00110_0_id04687_wavtolip.mp4,1,FakeVideo-FakeAudio,Asian (East),men,id08299
FakeAVCeleb_v1.2,FakeAVCeleb_v1.2__FakeVideo-FakeAudio__Asian (East)__men__id08299__00110_1_id01212_wavtolip.mp4,data\raw\FakeAVCeleb_v1.2\FakeVideo-FakeAudio\Asian (East)\men\id08299\00110_1_id01212_wavtolip.mp4,1,FakeVideo-FakeAudio,Asian (East),men,id08299
FakeAVCeleb_v1.2,FakeAVCeleb_v1.2__FakeVideo-FakeAudio__Asian (East)__men__id08299__00110_1_id03028_wavtolip.mp4,data\raw\FakeAVCeleb_v1.2\FakeVideo-FakeAudio\Asian (East)\men\id08299\00110_1_id03028_wavtolip.mp4,1,FakeVideo-FakeAudio,Asian (East),men,id08299
FakeAVCeleb_v1.2,FakeAVCeleb_v1.2__FakeVideo-FakeAudio__Asian (East)__men__id08299__00110_1_id04111_wavtolip.mp4,data\raw\FakeAVCeleb_v1.2\FakeVideo-FakeAudio\Asian (East)\men\id08299\00110_1_id04111_wavtolip.mp4,1,FakeVideo-FakeAudio,Asian (East),men,id08299
FakeAVCeleb_v1.2,FakeAVCeleb_v1.2__FakeVideo-FakeAudio__Asian (East)__men__id08299__00110_1_id04774_wavtolip.mp4,data\raw\FakeAVCeleb_v1.2\FakeVideo-FakeAudio\Asian (East)\men\id08299\00110_1_id04774_wavtolip.mp4,1,FakeVideo-FakeAudio,Asian (East),men,id08299
FakeAVCeleb_v1.2,FakeAVCeleb_v1.2__FakeVideo-FakeAudio__Asian (East)__men__id08299__00110_1_id06269_wavtolip.mp4,data\raw\FakeAVCeleb_v1.2\FakeVideo-FakeAudio\Asian (East)\men\id08299\00110_1_id06269_wavtolip.mp4,1,FakeVideo-FakeAudio,Asian (East),men,id08299
FakeAVCeleb_v1.2,FakeAVCeleb_v1.2__FakeVideo-FakeAudio__Asian (East)__men__id08299__00110_2_id00126_wavtolip.mp4,data\raw\FakeAVCeleb_v1.2\FakeVideo-FakeAudio\Asian (East)\men\id08299\00110_2_id00126_wavtolip.mp4,1,FakeVideo-FakeAudio,Asian (East),men,id08299
FakeAVCeleb_v1.2,FakeAVCeleb_v1.2__FakeVideo-FakeAudio__Asian (East)__men__id08299__00110_2_id01589_wavtolip.mp4,data\raw\FakeAVCeleb_v1.2\FakeVideo-FakeAudio\Asian (East)\men\id08299\00110_2_id01589_wavtolip.mp4,1,FakeVideo-FakeAudio,Asian (East),men,id08299
FakeAVCeleb_v1.2,FakeAVCeleb_v1.2__FakeVideo-FakeAudio__Asian (East)__men__id08299__00110_2_id01683_wavtolip.mp4,data\raw\FakeAVCeleb_v1.2\FakeVideo-FakeAudio\Asian (East)\men\id08299\00110_2_id01683_wavtolip.mp4,1,FakeVideo-FakeAudio,Asian (East),men,id08299
FakeAVCeleb_v1.2,FakeAVCeleb_v1.2__FakeVideo-FakeAudio__Asian (East)__men__id08299__00110_2_id03889_wavtolip.mp4,data\raw\FakeAVCeleb_v1.2\FakeVideo-FakeAudio\Asian (East)\men\id08299\00110_2_id03889_wavtolip.mp4,1,FakeVideo-FakeAudio,Asian (East),men,id08299
FakeAVCeleb_v1.2,FakeAVCeleb_v1.2__FakeVideo-FakeAudio__Asian (East)__men__id08299__00110_2_id04726_wavtolip.mp4,data\raw\FakeAVCeleb_v1.2\FakeVideo-FakeAudio\Asian (East)\men\id08299\00110_2_id04726_wavtolip.mp4,1,FakeVideo-FakeAudio,Asian (East),men,id08299
FakeAVCeleb_v1.2,FakeAVCeleb_v1.2__FakeVideo-FakeAudio__Asian (East)__men__id08299__00110_3_id01212_wavtolip.mp4,data\raw\FakeAVCeleb_v1.2\FakeVideo-FakeAudio\Asian (East)\men\id08299\00110_3_id01212_wavtolip.mp4,1,FakeVideo-FakeAudio,Asian (East),men,id08299
FakeAVCeleb_v1.2,FakeAVCeleb_v1.2__FakeVideo-FakeAudio__Asian (East)__men__id08299__00110_3_id03965_wavtolip.mp4,data\raw\FakeAVCeleb_v1.2\FakeVideo-FakeAudio\Asian (East)\men\id08299\00110_3_id03965_wavtolip.mp4,1,FakeVideo-FakeAudio,Asian (East),men,id08299
FakeAVCeleb_v1.2,FakeAVCeleb_v1.2__FakeVideo-FakeAudio__Asian (East)__men__id08299__00110_3_id06467_wavtolip.mp4,data\raw\FakeAVCeleb_v1.2\FakeVideo-FakeAudio\Asian (East)\men\id08299\00110_3_id06467_wavtolip.mp4,1,FakeVideo-FakeAudio,Asian (East),men,id08299
FakeAVCeleb_v1.2,FakeAVCeleb_v1.2__FakeVideo-FakeAudio__Asian (East)__men__id08299__00110_3_id06591_wavtolip.mp4,data\raw\FakeAVCeleb_v1.2\FakeVideo-FakeAudio\Asian (East)\men\id08299\00110_3_id06591_wavtolip.mp4,1,FakeVideo-FakeAudio,Asian (East),men,id08299
FakeAVCeleb_v1.2,FakeAVCeleb_v1.2__FakeVideo-FakeAudio__Asian (East)__men__id08299__00110_3_id06878_wavtolip.mp4,data\raw\FakeAVCeleb_v1.2\FakeVideo-FakeAudio\Asian (East)\men\id08299\00110_3_id06878_wavtolip.mp4,1,FakeVideo-FakeAudio,Asian (East),men,id08299
FakeAVCeleb_v1.2,FakeAVCeleb_v1.2__FakeVideo-FakeAudio__Asian (East)__men__id08299__00110_id00056_wavtolip.mp4,data\raw\FakeAVCeleb_v1.2\FakeVideo-FakeAudio\Asian (East)\men\id08299\00110_id00056_wavtolip.mp4,1,FakeVideo-FakeAudio,Asian (East),men,id08299
FakeAVCeleb_v1.2,FakeAVCeleb_v1.2__FakeVideo-FakeAudio__Asian (East)__men__id08299__00110_id00126_wavtolip.mp4,data\raw\FakeAVCeleb_v1.2\FakeVideo-FakeAudio\Asian (East)\men\id08299\00110_id00126_wavtolip.mp4,1,FakeVideo-FakeAudio,Asian (East),men,id08299
FakeAVCeleb_v1.2,FakeAVCeleb_v1.2__FakeVideo-FakeAudio__Asian (East)__men__id08299__00110_id00597_wavtolip.mp4,data\raw\FakeAVCeleb_v1.2\FakeVideo-FakeAudio\Asian (East)\men\id08299\00110_id00597_wavtolip.mp4,1,FakeVideo-FakeAudio,Asian (East),men,id08299
FakeAVCeleb_v1.2,FakeAVCeleb_v1.2__FakeVideo-FakeAudio__Asian (East)__men__id08299__00110_id00863_wavtolip.mp4,data\raw\FakeAVCeleb_v1.2\FakeVideo-FakeAudio\Asian (East)\men\id08299\00110_id00863_wavtolip.mp4,1,FakeVideo-FakeAudio,Asian (East),men,id08299
FakeAVCeleb_v1.2,FakeAVCeleb_v1.2__FakeVideo-FakeAudio__Asian (East)__men__id08299__00110_id02332_wavtolip.mp4,data\raw\FakeAVCeleb_v1.2\FakeVideo-FakeAudio\Asian (East)\men\id08299\00110_id02332_wavtolip.mp4,1,FakeVideo-FakeAudio,Asian (East),men,id08299
FakeAVCeleb_v1.2,FakeAVCeleb_v1.2__FakeVideo-FakeAudio__Asian (East)__men__id08299__00110_id02365_wavtolip.mp4,data\raw\FakeAVCeleb_v1.2\FakeVideo-FakeAudio\Asian (East)\men\id08299\00110_id02365_wavtolip.mp4,1,FakeVideo-FakeAudio,Asian (East),men,id08299
FakeAVCeleb_v1.2,FakeAVCeleb_v1.2__FakeVideo-FakeAudio__Asian (East)__men__id08299__00110_id03889_wavtolip.mp4,data\raw\FakeAVCeleb_v1.2\FakeVideo-FakeAudio\Asian (East)\men\id08299\00110_id03889_wavtolip.mp4,1,FakeVideo-FakeAudio,Asian (East),men,id08299
FakeAVCeleb_v1.2,FakeAVCeleb_v1.2__FakeVideo-FakeAudio__Asian (East)__men__id08299__00110_id06470_wavtolip.mp4,data\raw\FakeAVCeleb_v1.2\FakeVideo-FakeAudio\Asian (East)\men\id08299\00110_id06470_wavtolip.mp4,1,FakeVideo-FakeAudio,Asian (East),men,id08299
FakeAVCeleb_v1.2,FakeAVCeleb_v1.2__FakeVideo-FakeAudio__Asian (East)__men__id08299__00110_id07102_wavtolip.mp4,data\raw\FakeAVCeleb_v1.2\FakeVideo-FakeAudio\Asian (East)\men\id08299\00110_id07102_wavtolip.mp4,1,FakeVideo-FakeAudio,Asian (East),men,id08299
FakeAVCeleb_v1.2,FakeAVCeleb_v1.2__FakeVideo-FakeAudio__Asian (East)__men__id08299__00110_id07338_wavtolip.mp4,data\raw\FakeAVCeleb_v1.2\FakeVideo-FakeAudio\Asian (East)\men\id08299\00110_id07338_wavtolip.mp4,1,FakeVideo-FakeAudio,Asian (East),men,id08299
FakeAVCeleb_v1.2,FakeAVCeleb_v1.2__FakeVideo-FakeAudio__Asian (East)__women__id02807__00032_id00763_lI1GEn3Ima0_id00582_wavtolip.mp4,data\raw\FakeAVCeleb_v1.2\FakeVideo-FakeAudio\Asian (East)\women\id02807\00032_id00763_lI1GEn3Ima0_id00582_wavtolip.mp4,1,FakeVideo-FakeAudio,Asian (East),women,id02807
FakeAVCeleb_v1.2,FakeAVCeleb_v1.2__FakeVideo-FakeAudio__Asian (East)__women__id02807__00032_id02587_KzwJPH5_8j0_id06462_wavtolip.mp4,data\raw\FakeAVCeleb_v1.2\FakeVideo-FakeAudio\Asian (East)\women\id02807\00032_id02587_KzwJPH5_8j0_id06462_wavtolip.mp4,1,FakeVideo-FakeAudio,Asian (East),women,id02807
FakeAVCeleb_v1.2,FakeAVCeleb_v1.2__FakeVideo-FakeAudio__Asian (East)__women__id02807__00032_id03379_wavtolip.mp4,data\raw\FakeAVCeleb_v1.2\FakeVideo-FakeAudio\Asian (East)\women\id02807\00032_id03379_wavtolip.mp4,1,FakeVideo-FakeAudio,Asian (East),women,id02807
FakeAVCeleb_v1.2,FakeAVCeleb_v1.2__FakeVideo-FakeAudio__Asian (East)__women__id02807__00032_id03940_axeR0CLu96U_id03211_wavtolip.mp4,data\raw\FakeAVCeleb_v1.2\FakeVideo-FakeAudio\Asian (East)\women\id02807\00032_id03940_axeR0CLu96U_id03211_wavtolip.mp4,1,FakeVideo-FakeAudio,Asian (East),women,id02807
FakeAVCeleb_v1.2,FakeAVCeleb_v1.2__FakeVideo-FakeAudio__Asian (East)__women__id02807__00032_id04701_7mnc8w6jRlM_id09174_wavtolip.mp4,data\raw\FakeAVCeleb_v1.2\FakeVideo-FakeAudio\Asian (East)\women\id02807\00032_id04701_7mnc8w6jRlM_id09174_wavtolip.mp4,1,FakeVideo-FakeAudio,Asian (East),women,id02807
FakeAVCeleb_v1.2,FakeAVCeleb_v1.2__FakeVideo-FakeAudio__Asian (East)__women__id02807__00032_id05631_wavtolip.mp4,data\raw\FakeAVCeleb_v1.2\FakeVideo-FakeAudio\Asian (East)\women\id02807\00032_id05631_wavtolip.mp4,1,FakeVideo-FakeAudio,Asian (East),women,id02807
FakeAVCeleb_v1.2,FakeAVCeleb_v1.2__FakeVideo-FakeAudio__Asian (East)__women__id02807__00032_id05844_wavtolip.mp4,data\raw\FakeAVCeleb_v1.2\FakeVideo-FakeAudio\Asian (East)\women\id02807\00032_id05844_wavtolip.mp4,1,FakeVideo-FakeAudio,Asian (East),women,id02807
FakeAVCeleb_v1.2,FakeAVCeleb_v1.2__FakeVideo-FakeAudio__Asian (East)__women__id02807__00032_id06158_wavtolip.mp4,data\raw\FakeAVCeleb_v1.2\FakeVideo-FakeAudio\Asian (East)\women\id02807\00032_id06158_wavtolip.mp4,1,FakeVideo-FakeAudio,Asian (East),women,id02807
FakeAVCeleb_v1.2,FakeAVCeleb_v1.2__FakeVideo-FakeAudio__Asian (East)__women__id02807__00032_id06443_wavtolip.mp4,data\raw\FakeAVCeleb_v1.2\FakeVideo-FakeAudio\Asian (East)\women\id02807\00032_id06443_wavtolip.mp4,1,FakeVideo-FakeAudio,Asian (East),women,id02807
FakeAVCeleb_v1.2,FakeAVCeleb_v1.2__FakeVideo-FakeAudio__Asian (East)__women__id02807__00032_id06462_Nn79kE76MA4_faceswap_id03211_wavtolip.mp4,data\raw\FakeAVCeleb_v1.2\FakeVideo-FakeAudio\Asian (East)\women\id02807\00032_id06462_Nn79kE76MA4_faceswap_id03211_wavtolip.mp4,1,FakeVideo-FakeAudio,Asian (East),women,id02807
FakeAVCeleb_v1.2,FakeAVCeleb_v1.2__FakeVideo-FakeAudio__Asian (East)__women__id02807__00032_id06462_Nn79kE76MA4_faceswap_id06388_wavtolip.mp4,data\raw\FakeAVCeleb_v1.2\FakeVideo-FakeAudio\Asian (East)\women\id02807\00032_id06462_Nn79kE76MA4_faceswap_id06388_wavtolip.mp4,1,FakeVideo-FakeAudio,Asian (East),women,id02807
FakeAVCeleb_v1.2,FakeAVCeleb_v1.2__FakeVideo-FakeAudio__Asian (East)__women__id02807__00032_id06462_Nn79kE76MA4_faceswap_id06462_wavtolip.mp4,data\raw\FakeAVCeleb_v1.2\FakeVideo-FakeAudio\Asian (East)\women\id02807\00032_id06462_Nn79kE76MA4_faceswap_id06462_wavtolip.mp4,1,FakeVideo-FakeAudio,Asian (East),women,id02807
FakeAVCeleb_v1.2,FakeAVCeleb_v1.2__FakeVideo-FakeAudio__Asian (East)__women__id02807__00032_id06462_Nn79kE76MA4_faceswap_id09116_wavtolip.mp4,data\raw\FakeAVCeleb_v1.2\FakeVideo-FakeAudio\Asian (East)\women\id02807\00032_id06462_Nn79kE76MA4_faceswap_id09116_wavtolip.mp4,1,FakeVideo-FakeAudio,Asian (East),women,id02807
FakeAVCeleb_v1.2,FakeAVCeleb_v1.2__FakeVideo-FakeAudio__Asian (East)__women__id02807__00032_id06462_wavtolip.mp4,data\raw\FakeAVCeleb_v1.2\FakeVideo-FakeAudio\Asian (East)\women\id02807\00032_id06462_wavtolip.mp4,1,FakeVideo-FakeAudio,Asian (East),women,id02807
FakeAVCeleb_v1.2,FakeAVCeleb_v1.2__FakeVideo-FakeAudio__Asian (East)__women__id02807__00032_id07739_TmuvLVNBm8o_id05631_wavtolip.mp4,data\raw\FakeAVCeleb_v1.2\FakeVideo-FakeAudio\Asian (East)\women\id02807\00032_id07739_TmuvLVNBm8o_id05631_wavtolip.mp4,1,FakeVideo-FakeAudio,Asian (East),women,id02807
FakeAVCeleb_v1.2,FakeAVCeleb_v1.2__FakeVideo-FakeAudio__Asian (East)__women__id02807__00032_id08139_wavtolip.mp4,data\raw\FakeAVCeleb_v1.2\FakeVideo-FakeAudio\Asian (East)\women\id02807\00032_id08139_wavtolip.mp4,1,FakeVideo-FakeAudio,Asian (East),women,id02807
FakeAVCeleb_v1.2,FakeAVCeleb_v1.2__FakeVideo-FakeAudio__Asian (East)__women__id02807__00032_id09174_Qspzu6tyArc_id06061_wavtolip.mp4,data\raw\FakeAVCeleb_v1.2\FakeVideo-FakeAudio\Asian (East)\women\id02807\00032_id09174_Qspzu6tyArc_id06061_wavtolip.mp4,1,FakeVideo-FakeAudio,Asian (East),women,id02807
FakeAVCeleb_v1.2,FakeAVCeleb_v1.2__FakeVideo-FakeAudio__Asian (East)__women__id05844__00072_id00137_wavtolip.mp4,data\raw\FakeAVCeleb_v1.2\FakeVideo-FakeAudio\Asian (East)\women\id05844\00072_id00137_wavtolip.mp4,1,FakeVideo-FakeAudio,Asian (East),women,id05844
FakeAVCeleb_v1.2,FakeAVCeleb_v1.2__FakeVideo-FakeAudio__Asian (East)__women__id05844__00072_id00935_wavtolip.mp4,data\raw\FakeAVCeleb_v1.2\FakeVideo-FakeAudio\Asian (East)\women\id05844\00072_id00935_wavtolip.mp4,1,FakeVideo-FakeAudio,Asian (East),women,id05844
FakeAVCeleb_v1.2,FakeAVCeleb_v1.2__FakeVideo-FakeAudio__Asian (East)__women__id05844__00072_id02587_KzwJPH5_8j0_id04057_wavtolip.mp4,data\raw\FakeAVCeleb_v1.2\FakeVideo-FakeAudio\Asian (East)\women\id05844\00072_id02587_KzwJPH5_8j0_id04057_wavtolip.mp4,1,FakeVideo-FakeAudio,Asian (East),women,id05844
FakeAVCeleb_v1.2,FakeAVCeleb_v1.2__FakeVideo-FakeAudio__Asian (East)__women__id05844__00072_id03211_HK4oe6Hi91E_id05576_wavtolip.mp4,data\raw\FakeAVCeleb_v1.2\FakeVideo-FakeAudio\Asian (East)\women\id05844\00072_id03211_HK4oe6Hi91E_id05576_wavtolip.mp4,1,FakeVideo-FakeAudio,Asian (East),women,id05844
FakeAVCeleb_v1.2,FakeAVCeleb_v1.2__FakeVideo-FakeAudio__Asian (East)__women__id05844__00072_id05620_DmPPLeOZkHo_id04057_wavtolip.mp4,data\raw\FakeAVCeleb_v1.2\FakeVideo-FakeAudio\Asian (East)\women\id05844\00072_id05620_DmPPLeOZkHo_id04057_wavtolip.mp4,1,FakeVideo-FakeAudio,Asian (East),women,id05844
FakeAVCeleb_v1.2,FakeAVCeleb_v1.2__FakeVideo-FakeAudio__Asian (East)__women__id05844__00072_id06060___Bf93SjJP0_id00430_wavtolip.mp4,data\raw\FakeAVCeleb_v1.2\FakeVideo-FakeAudio\Asian (East)\women\id05844\00072_id06060___Bf93SjJP0_id00430_wavtolip.mp4,1,FakeVideo-FakeAudio,Asian (East),women,id05844
FakeAVCeleb_v1.2,FakeAVCeleb_v1.2__FakeVideo-FakeAudio__Asian (East)__women__id05844__00072_id06065_wavtolip.mp4,data\raw\FakeAVCeleb_v1.2\FakeVideo-FakeAudio\Asian (East)\women\id05844\00072_id06065_wavtolip.mp4,1,FakeVideo-FakeAudio,Asian (East),women,id05844
FakeAVCeleb_v1.2,FakeAVCeleb_v1.2__FakeVideo-FakeAudio__Asian (East)__women__id05844__00072_id06158_C6FpHdewEzA_id05620_wavtolip.mp4,data\raw\FakeAVCeleb_v1.2\FakeVideo-FakeAudio\Asian (East)\women\id05844\00072_id06158_C6FpHdewEzA_id05620_wavtolip.mp4,1,FakeVideo-FakeAudio,Asian (East),women,id05844
FakeAVCeleb_v1.2,FakeAVCeleb_v1.2__FakeVideo-FakeAudio__Asian (East)__women__id05844__00072_id06158_wavtolip.mp4,data\raw\FakeAVCeleb_v1.2\FakeVideo-FakeAudio\Asian (East)\women\id05844\00072_id06158_wavtolip.mp4,1,FakeVideo-FakeAudio,Asian (East),women,id05844
FakeAVCeleb_v1.2,FakeAVCeleb_v1.2__FakeVideo-FakeAudio__Asian (East)__women__id05844__00072_id07799_wavtolip.mp4,data\raw\FakeAVCeleb_v1.2\FakeVideo-FakeAudio\Asian (East)\women\id05844\00072_id07799_wavtolip.mp4,1,FakeVideo-FakeAudio,Asian (East),women,id05844
FakeAVCeleb_v1.2,FakeAVCeleb_v1.2__FakeVideo-FakeAudio__Asian (East)__women__id08397__00167_id00430_wavtolip.mp4,data\raw\FakeAVCeleb_v1.2\FakeVideo-FakeAudio\Asian (East)\women\id08397\00167_id00430_wavtolip.mp4,1,FakeVideo-FakeAudio,Asian (East),women,id08397
FakeAVCeleb_v1.2,FakeAVCeleb_v1.2__FakeVideo-FakeAudio__Asian (East)__women__id08397__00167_id03379_A32nCObAHiI_id00430_wavtolip.mp4,data\raw\FakeAVCeleb_v1.2\FakeVideo-FakeAudio\Asian (East)\women\id08397\00167_id03379_A32nCObAHiI_id00430_wavtolip.mp4,1,FakeVideo-FakeAudio,Asian (East),women,id08397
FakeAVCeleb_v1.2,FakeAVCeleb_v1.2__FakeVideo-FakeAudio__Asian (East)__women__id08397__00167_id04057_wavtolip.mp4,data\raw\FakeAVCeleb_v1.2\FakeVideo-FakeAudio\Asian (East)\women\id08397\00167_id04057_wavtolip.mp4,1,FakeVideo-FakeAudio,Asian (East),women,id08397
FakeAVCeleb_v1.2,FakeAVCeleb_v1.2__FakeVideo-FakeAudio__Asian (East)__women__id08397__00167_id04414_wavtolip.mp4,data\raw\FakeAVCeleb_v1.2\FakeVideo-FakeAudio\Asian (East)\women\id08397\00167_id04414_wavtolip.mp4,1,FakeVideo-FakeAudio,Asian (East),women,id08397
FakeAVCeleb_v1.2,FakeAVCeleb_v1.2__FakeVideo-FakeAudio__Asian (East)__women__id08397__00167_id04701_7mnc8w6jRlM_id06054_wavtolip.mp4,data\raw\FakeAVCeleb_v1.2\FakeVideo-FakeAudio\Asian (East)\women\id08397\00167_id04701_7mnc8w6jRlM_id06054_wavtolip.mp4,1,FakeVideo-FakeAudio,Asian (East),women,id08397
FakeAVCeleb_v1.2,FakeAVCeleb_v1.2__FakeVideo-FakeAudio__Asian (East)__women__id08397__00167_id05576_wavtolip.mp4,data\raw\FakeAVCeleb_v1.2\FakeVideo-FakeAudio\Asian (East)\women\id08397\00167_id05576_wavtolip.mp4,1,FakeVideo-FakeAudio,Asian (East),women,id08397
FakeAVCeleb_v1.2,FakeAVCeleb_v1.2__FakeVideo-FakeAudio__Asian (East)__women__id08397__00167_id05620_wavtolip.mp4,data\raw\FakeAVCeleb_v1.2\FakeVideo-FakeAudio\Asian (East)\women\id08397\00167_id05620_wavtolip.mp4,1,FakeVideo-FakeAudio,Asian (East),women,id08397
FakeAVCeleb_v1.2,FakeAVCeleb_v1.2__FakeVideo-FakeAudio__Asian (East)__women__id08397__00167_id06061_TckvmWR97vo_faceswap_id03211_wavtolip.mp4,data\raw\FakeAVCeleb_v1.2\FakeVideo-FakeAudio\Asian (East)\women\id08397\00167_id06061_TckvmWR97vo_faceswap_id03211_wavtolip.mp4,1,FakeVideo-FakeAudio,Asian (East),women,id08397
FakeAVCeleb_v1.2,FakeAVCeleb_v1.2__FakeVideo-FakeAudio__Asian (East)__women__id08397__00167_id06061_TckvmWR97vo_faceswap_id07739_wavtolip.mp4,data\raw\FakeAVCeleb_v1.2\FakeVideo-FakeAudio\Asian (East)\women\id08397\00167_id06061_TckvmWR97vo_faceswap_id07739_wavtolip.mp4,1,FakeVideo-FakeAudio,Asian (East),women,id08397
FakeAVCeleb_v1.2,FakeAVCeleb_v1.2__FakeVideo-FakeAudio__Asian (East)__women__id08397__00167_id06061_TckvmWR97vo_id04057_wavtolip.mp4,data\raw\FakeAVCeleb_v1.2\FakeVideo-FakeAudio\Asian (East)\women\id08397\00167_id06061_TckvmWR97vo_id04057_wavtolip.mp4,1,FakeVideo-FakeAudio,Asian (East),women,id08397
FakeAVCeleb_v1.2,FakeAVCeleb_v1.2__FakeVideo-FakeAudio__Asian (East)__women__id08397__00167_id06065_wavtolip.mp4,data\raw\FakeAVCeleb_v1.2\FakeVideo-FakeAudio\Asian (East)\women\id08397\00167_id06065_wavtolip.mp4,1,FakeVideo-FakeAudio,Asian (East),women,id08397
FakeAVCeleb_v1.2,FakeAVCeleb_v1.2__FakeVideo-FakeAudio__Asian (East)__women__id08397__00167_id06462_wavtolip.mp4,data\raw\FakeAVCeleb_v1.2\FakeVideo-FakeAudio\Asian (East)\women\id08397\00167_id06462_wavtolip.mp4,1,FakeVideo-FakeAudio,Asian (East),women,id08397
FakeAVCeleb_v1.2,FakeAVCeleb_v1.2__FakeVideo-FakeAudio__Asian (East)__women__id08397__00167_id07739_TmuvLVNBm8o_id08819_wavtolip.mp4,data\raw\FakeAVCeleb_v1.2\FakeVideo-FakeAudio\Asian (East)\women\id08397\00167_id07739_TmuvLVNBm8o_id08819_wavtolip.mp4,1,FakeVideo-FakeAudio,Asian (East),women,id08397
FakeAVCeleb_v1.2,FakeAVCeleb_v1.2__FakeVideo-FakeAudio__Asian (East)__women__id08397__00167_id08397_wavtolip.mp4,data\raw\FakeAVCeleb_v1.2\FakeVideo-FakeAudio\Asian (East)\women\id08397\00167_id08397_wavtolip.mp4,1,FakeVideo-FakeAudio,Asian (East),women,id08397
FakeAVCeleb_v1.2,FakeAVCeleb_v1.2__FakeVideo-FakeAudio__Asian (East)__women__id08397__00167_id09175_wavtolip.mp4,data\raw\FakeAVCeleb_v1.2\FakeVideo-FakeAudio\Asian (East)\women\id08397\00167_id09175_wavtolip.mp4,1,FakeVideo-FakeAudio,Asian (East),women,id08397
FakeAVCeleb_v1.2,FakeAVCeleb_v1.2__FakeVideo-FakeAudio__Asian (East)__women__id09171__00092_id00763_wavtolip.mp4,data\raw\FakeAVCeleb_v1.2\FakeVideo-FakeAudio\Asian (East)\women\id09171\00092_id00763_wavtolip.mp4,1,FakeVideo-FakeAudio,Asian (East),women,id09171
FakeAVCeleb_v1.2,FakeAVCeleb_v1.2__FakeVideo-FakeAudio__Asian (East)__women__id09171__00092_id02587_wavtolip.mp4,data\raw\FakeAVCeleb_v1.2\FakeVideo-FakeAudio\Asian (East)\women\id09171\00092_id02587_wavtolip.mp4,1,FakeVideo-FakeAudio,Asian (East),women,id09171
FakeAVCeleb_v1.2,FakeAVCeleb_v1.2__FakeVideo-FakeAudio__Asian (East)__women__id09171__00092_id04057_SmHwNbR-498_faceswap_id00137_wavtolip.mp4,data\raw\FakeAVCeleb_v1.2\FakeVideo-FakeAudio\Asian (East)\women\id09171\00092_id04057_SmHwNbR-498_faceswap_id00137_wavtolip.mp4,1,FakeVideo-FakeAudio,Asian (East),women,id09171
FakeAVCeleb_v1.2,FakeAVCeleb_v1.2__FakeVideo-FakeAudio__Asian (East)__women__id09171__00092_id04057_SmHwNbR-498_faceswap_id00566_wavtolip.mp4,data\raw\FakeAVCeleb_v1.2\FakeVideo-FakeAudio\Asian (East)\women\id09171\00092_id04057_SmHwNbR-498_faceswap_id00566_wavtolip.mp4,1,FakeVideo-FakeAudio,Asian (East),women,id09171
FakeAVCeleb_v1.2,FakeAVCeleb_v1.2__FakeVideo-FakeAudio__Asian (East)__women__id09171__00092_id04057_SmHwNbR-498_faceswap_id00582_wavtolip.mp4,data\raw\FakeAVCeleb_v1.2\FakeVideo-FakeAudio\Asian (East)\women\id09171\00092_id04057_SmHwNbR-498_faceswap_id00582_wavtolip.mp4,1,FakeVideo-FakeAudio,Asian (East),women,id09171
FakeAVCeleb_v1.2,FakeAVCeleb_v1.2__FakeVideo-FakeAudio__Asian (East)__women__id09171__00092_id04057_SmHwNbR-498_faceswap_id09116_wavtolip.mp4,data\raw\FakeAVCeleb_v1.2\FakeVideo-FakeAudio\Asian (East)\women\id09171\00092_id04057_SmHwNbR-498_faceswap_id09116_wavtolip.mp4,1,FakeVideo-FakeAudio,Asian (East),women,id09171
FakeAVCeleb_v1.2,FakeAVCeleb_v1.2__FakeVideo-FakeAudio__Asian (East)__women__id09171__00092_id04057_SmHwNbR-498_faceswap_id09175_wavtolip.mp4,data\raw\FakeAVCeleb_v1.2\FakeVideo-FakeAudio\Asian (East)\women\id09171\00092_id04057_SmHwNbR-498_faceswap_id09175_wavtolip.mp4,1,FakeVideo-FakeAudio,Asian (East),women,id09171
FakeAVCeleb_v1.2,FakeAVCeleb_v1.2__FakeVideo-FakeAudio__Asian (East)__women__id09171__00092_id04057_wavtolip.mp4,data\raw\FakeAVCeleb_v1.2\FakeVideo-FakeAudio\Asian (East)\women\id09171\00092_id04057_wavtolip.mp4,1,FakeVideo-FakeAudio,Asian (East),women,id09171
FakeAVCeleb_v1.2,FakeAVCeleb_v1.2__FakeVideo-FakeAudio__Asian (East)__women__id09171__00092_id04414_0sJN-9GIO-M_id03211_wavtolip.mp4,data\raw\FakeAVCeleb_v1.2\FakeVideo-FakeAudio\Asian (East)\women\id09171\00092_id04414_0sJN-9GIO-M_id03211_wavtolip.mp4,1,FakeVideo-FakeAudio,Asian (East),women,id09171
FakeAVCeleb_v1.2,FakeAVCeleb_v1.2__FakeVideo-FakeAudio__Asian (East)__women__id09171__00092_id05576_wavtolip.mp4,data\raw\FakeAVCeleb_v1.2\FakeVideo-FakeAudio\Asian (East)\women\id09171\00092_id05576_wavtolip.mp4,1,FakeVideo-FakeAudio,Asian (East),women,id09171
FakeAVCeleb_v1.2,FakeAVCeleb_v1.2__FakeVideo-FakeAudio__Asian (East)__women__id09171__00092_id06065_Rni34oVUpTA_id09171_wavtolip.mp4,data\raw\FakeAVCeleb_v1.2\FakeVideo-FakeAudio\Asian (East)\women\id09171\00092_id06065_Rni34oVUpTA_id09171_wavtolip.mp4,1,FakeVideo-FakeAudio,Asian (East),women,id09171
FakeAVCeleb_v1.2,FakeAVCeleb_v1.2__FakeVideo-FakeAudio__Asian (East)__women__id09171__00092_id06225_AERbd8rJHDw_id05844_wavtolip.mp4,data\raw\FakeAVCeleb_v1.2\FakeVideo-FakeAudio\Asian (East)\women\id09171\00092_id06225_AERbd8rJHDw_id05844_wavtolip.mp4,1,FakeVideo-FakeAudio,Asian (East),women,id09171
FakeAVCeleb_v1.2,FakeAVCeleb_v1.2__FakeVideo-FakeAudio__Asian (East)__women__id09171__00092_id06427_dBBAKe2EA_o_id06061_wavtolip.mp4,data\raw\FakeAVCeleb_v1.2\FakeVideo-FakeAudio\Asian (East)\women\id09171\00092_id06427_dBBAKe2EA_o_id06061_wavtolip.mp4,1,FakeVideo-FakeAudio,Asian (East),women,id09171
FakeAVCeleb_v1.2,FakeAVCeleb_v1.2__FakeVideo-FakeAudio__Asian (East)__women__id09171__00092_id07799_gO6nidmxrJU_id05620_wavtolip.mp4,data\raw\FakeAVCeleb_v1.2\FakeVideo-FakeAudio\Asian (East)\women\id09171\00092_id07799_gO6nidmxrJU_id05620_wavtolip.mp4,1,FakeVideo-FakeAudio,Asian (East),women,id09171
FakeAVCeleb_v1.2,FakeAVCeleb_v1.2__FakeVideo-FakeAudio__Asian (East)__women__id09171__00092_id08819_wavtolip.mp4,data\raw\FakeAVCeleb_v1.2\FakeVideo-FakeAudio\Asian (East)\women\id09171\00092_id08819_wavtolip.mp4,1,FakeVideo-FakeAudio,Asian (East),women,id09171
FakeAVCeleb_v1.2,FakeAVCeleb_v1.2__FakeVideo-FakeAudio__Asian (East)__women__id09171__00092_id09174_wavtolip.mp4,data\raw\FakeAVCeleb_v1.2\FakeVideo-FakeAudio\Asian (East)\women\id09171\00092_id09174_wavtolip.mp4,1,FakeVideo-FakeAudio,Asian (East),women,id09171
FakeAVCeleb_v1.2,FakeAVCeleb_v1.2__FakeVideo-FakeAudio__Asian (East)__women__id09171__00092_id09181_wavtolip.mp4,data\raw\FakeAVCeleb_v1.2\FakeVideo-FakeAudio\Asian (East)\women\id09171\00092_id09181_wavtolip.mp4,1,FakeVideo-FakeAudio,Asian (East),women,id09171
FakeAVCeleb_v1.2,FakeAVCeleb_v1.2__FakeVideo-FakeAudio__Asian (South)__men__id00459__00382_id00032_wavtolip.mp4,data\raw\FakeAVCeleb_v1.2\FakeVideo-FakeAudio\Asian (South)\men\id00459\00382_id00032_wavtolip.mp4,1,FakeVideo-FakeAudio,Asian (South),men,id00459
FakeAVCeleb_v1.2,FakeAVCeleb_v1.2__FakeVideo-FakeAudio__Asian (South)__men__id00459__00382_id00414_wavtolip.mp4,data\raw\FakeAVCeleb_v1.2\FakeVideo-FakeAudio\Asian (South)\men\id00459\00382_id00414_wavtolip.mp4,1,FakeVideo-FakeAudio,Asian (South),men,id00459
FakeAVCeleb_v1.2,FakeAVCeleb_v1.2__FakeVideo-FakeAudio__Asian (South)__men__id00459__00382_id00769_BqHVSZdoVpM_faceswap_id03344_wavtolip.mp4,data\raw\FakeAVCeleb_v1.2\FakeVideo-FakeAudio\Asian (South)\men\id00459\00382_id00769_BqHVSZdoVpM_faceswap_id03344_wavtolip.mp4,1,FakeVideo-FakeAudio,Asian (South),men,id00459
FakeAVCeleb_v1.2,FakeAVCeleb_v1.2__FakeVideo-FakeAudio__Asian (South)__men__id00459__00382_id00769_BqHVSZdoVpM_faceswap_id04554_wavtolip.mp4,data\raw\FakeAVCeleb_v1.2\FakeVideo-FakeAudio\Asian (South)\men\id00459\00382_id00769_BqHVSZdoVpM_faceswap_id04554_wavtolip.mp4,1,FakeVideo-FakeAudio,Asian (South),men,id00459
FakeAVCeleb_v1.2,FakeAVCeleb_v1.2__FakeVideo-FakeAudio__Asian (South)__men__id00459__00382_id00769_BqHVSZdoVpM_faceswap_id04560_wavtolip.mp4,data\raw\FakeAVCeleb_v1.2\FakeVideo-FakeAudio\Asian (South)\men\id00459\00382_id00769_BqHVSZdoVpM_faceswap_id04560_wavtolip.mp4,1,FakeVideo-FakeAudio,Asian (South),men,id00459
FakeAVCeleb_v1.2,FakeAVCeleb_v1.2__FakeVideo-FakeAudio__Asian (South)__men__id00459__00382_id00769_BqHVSZdoVpM_faceswap_id07195_wavtolip.mp4,data\raw\FakeAVCeleb_v1.2\FakeVideo-FakeAudio\Asian (South)\men\id00459\00382_id00769_BqHVSZdoVpM_faceswap_id07195_wavtolip.mp4,1,FakeVideo-FakeAudio,Asian (South),men,id00459
FakeAVCeleb_v1.2,FakeAVCeleb_v1.2__FakeVideo-FakeAudio__Asian (South)__men__id00459__00382_id00769_BqHVSZdoVpM_faceswap_id08457_wavtolip.mp4,data\raw\FakeAVCeleb_v1.2\FakeVideo-FakeAudio\Asian (South)\men\id00459\00382_id00769_BqHVSZdoVpM_faceswap_id08457_wavtolip.mp4,1,FakeVideo-FakeAudio,Asian (South),men,id00459
FakeAVCeleb_v1.2,FakeAVCeleb_v1.2__FakeVideo-FakeAudio__Asian (South)__men__id00459__00382_id00769_BqHVSZdoVpM_id00082_wavtolip.mp4,data\raw\FakeAVCeleb_v1.2\FakeVideo-FakeAudio\Asian (South)\men\id00459\00382_id00769_BqHVSZdoVpM_id00082_wavtolip.mp4,1,FakeVideo-FakeAudio,Asian (South),men,id00459
FakeAVCeleb_v1.2,FakeAVCeleb_v1.2__FakeVideo-FakeAudio__Asian (South)__men__id00459__00382_id00816_wavtolip.mp4,data\raw\FakeAVCeleb_v1.2\FakeVideo-FakeAudio\Asian (South)\men\id00459\00382_id00816_wavtolip.mp4,1,FakeVideo-FakeAudio,Asian (South),men,id00459
FakeAVCeleb_v1.2,FakeAVCeleb_v1.2__FakeVideo-FakeAudio__Asian (South)__men__id00459__00382_id00857_wavtolip.mp4,data\raw\FakeAVCeleb_v1.2\FakeVideo-FakeAudio\Asian (South)\men\id00459\00382_id00857_wavtolip.mp4,1,FakeVideo-FakeAudio,Asian (South),men,id00459
FakeAVCeleb_v1.2,FakeAVCeleb_v1.2__FakeVideo-FakeAudio__Asian (South)__men__id00459__00382_id03344_vyNnOo6lU0o_id07161_wavtolip.mp4,data\raw\FakeAVCeleb_v1.2\FakeVideo-FakeAudio\Asian (South)\men\id00459\00382_id03344_vyNnOo6lU0o_id07161_wavtolip.mp4,1,FakeVideo-FakeAudio,Asian (South),men,id00459
FakeAVCeleb_v1.2,FakeAVCeleb_v1.2__FakeVideo-FakeAudio__Asian (South)__men__id00459__00382_id04562_wavtolip.mp4,data\raw\FakeAVCeleb_v1.2\FakeVideo-FakeAudio\Asian (South)\men\id00459\00382_id04562_wavtolip.mp4,1,FakeVideo-FakeAudio,Asian (South),men,id00459
FakeAVCeleb_v1.2,FakeAVCeleb_v1.2__FakeVideo-FakeAudio__Asian (South)__men__id00459__00382_id06354_PmWLmcJNUhM_id03945_wavtolip.mp4,data\raw\FakeAVCeleb_v1.2\FakeVideo-FakeAudio\Asian (South)\men\id00459\00382_id06354_PmWLmcJNUhM_id03945_wavtolip.mp4,1,FakeVideo-FakeAudio,Asian (South),men,id00459
FakeAVCeleb_v1.2,FakeAVCeleb_v1.2__FakeVideo-FakeAudio__Asian (South)__men__id00459__00382_id06355_wavtolip.mp4,data\raw\FakeAVCeleb_v1.2\FakeVideo-FakeAudio\Asian (South)\men\id00459\00382_id06355_wavtolip.mp4,1,FakeVideo-FakeAudio,Asian (South),men,id00459
FakeAVCeleb_v1.2,FakeAVCeleb_v1.2__FakeVideo-FakeAudio__Asian (South)__men__id00459__00382_id07108_qwfQPcvjGRY_id00082_wavtolip.mp4,data\raw\FakeAVCeleb_v1.2\FakeVideo-FakeAudio\Asian (South)\men\id00459\00382_id07108_qwfQPcvjGRY_id00082_wavtolip.mp4,1,FakeVideo-FakeAudio,Asian (South),men,id00459
FakeAVCeleb_v1.2,FakeAVCeleb_v1.2__FakeVideo-FakeAudio__Asian (South)__men__id00459__00382_id07161_wavtolip.mp4,data\raw\FakeAVCeleb_v1.2\FakeVideo-FakeAudio\Asian (South)\men\id00459\00382_id07161_wavtolip.mp4,1,FakeVideo-FakeAudio,Asian (South),men,id00459
FakeAVCeleb_v1.2,FakeAVCeleb_v1.2__FakeVideo-FakeAudio__Asian (South)__men__id00459__00382_id07165_oJ_iy16IBTM_id00459_wavtolip.mp4,data\raw\FakeAVCeleb_v1.2\FakeVideo-FakeAudio\Asian (South)\men\id00459\00382_id07165_oJ_iy16IBTM_id00459_wavtolip.mp4,1,FakeVideo-FakeAudio,Asian (South),men,id00459
FakeAVCeleb_v1.2,FakeAVCeleb_v1.2__FakeVideo-FakeAudio__Asian (South)__men__id00459__00382_id07194_NDJaiff98Fo_id04560_wavtolip.mp4,data\raw\FakeAVCeleb_v1.2\FakeVideo-FakeAudio\Asian (South)\men\id00459\00382_id07194_NDJaiff98Fo_id04560_wavtolip.mp4,1,FakeVideo-FakeAudio,Asian (South),men,id00459
FakeAVCeleb_v1.2,FakeAVCeleb_v1.2__FakeVideo-FakeAudio__Asian (South)__men__id00459__00382_id07195_wavtolip.mp4,data\raw\FakeAVCeleb_v1.2\FakeVideo-FakeAudio\Asian (South)\men\id00459\00382_id07195_wavtolip.mp4,1,FakeVideo-FakeAudio,Asian (South),men,id00459
FakeAVCeleb_v1.2,FakeAVCeleb_v1.2__FakeVideo-FakeAudio__Asian (South)__men__id00459__00382_id07200_quCElxMhW6g_id00685_wavtolip.mp4,data\raw\FakeAVCeleb_v1.2\FakeVideo-FakeAudio\Asian (South)\men\id00459\00382_id07200_quCElxMhW6g_id00685_wavtolip.mp4,1,FakeVideo-FakeAudio,Asian (South),men,id00459
FakeAVCeleb_v1.2,FakeAVCeleb_v1.2__FakeVideo-FakeAudio__Asian (South)__men__id00459__00382_id07210_wavtolip.mp4,data\raw\FakeAVCeleb_v1.2\FakeVideo-FakeAudio\Asian (South)\men\id00459\00382_id07210_wavtolip.mp4,1,FakeVideo-FakeAudio,Asian (South),men,id00459
FakeAVCeleb_v1.2,FakeAVCeleb_v1.2__FakeVideo-FakeAudio__Asian (South)__men__id00685__00146_id00032_wavtolip.mp4,data\raw\FakeAVCeleb_v1.2\FakeVideo-FakeAudio\Asian (South)\men\id00685\00146_id00032_wavtolip.mp4,1,FakeVideo-FakeAudio,Asian (South),men,id00685
FakeAVCeleb_v1.2,FakeAVCeleb_v1.2__FakeVideo-FakeAudio__Asian (South)__men__id00685__00146_id00033_gduDuRWhnlQ_id06334_wavtolip.mp4,data\raw\FakeAVCeleb_v1.2\FakeVideo-FakeAudio\Asian (South)\men\id00685\00146_id00033_gduDuRWhnlQ_id06334_wavtolip.mp4,1,FakeVideo-FakeAudio,Asian (South),men,id00685
FakeAVCeleb_v1.2,FakeAVCeleb_v1.2__FakeVideo-FakeAudio__Asian (South)__men__id00685__00146_id00082_wavtolip.mp4,data\raw\FakeAVCeleb_v1.2\FakeVideo-FakeAudio\Asian (South)\men\id00685\00146_id00082_wavtolip.mp4,1,FakeVideo-FakeAudio,Asian (South),men,id00685
FakeAVCeleb_v1.2,FakeAVCeleb_v1.2__FakeVideo-FakeAudio__Asian (South)__men__id00685__00146_id00459_wavtolip.mp4,data\raw\FakeAVCeleb_v1.2\FakeVideo-FakeAudio\Asian (South)\men\id00685\00146_id00459_wavtolip.mp4,1,FakeVideo-FakeAudio,Asian (South),men,id00685
FakeAVCeleb_v1.2,FakeAVCeleb_v1.2__FakeVideo-FakeAudio__Asian (South)__men__id00685__00146_id00745_eODND1ul7vE_faceswap_id00082_wavtolip.mp4,data\raw\FakeAVCeleb_v1.2\FakeVideo-FakeAudio\Asian (South)\men\id00685\00146_id00745_eODND1ul7vE_faceswap_id00082_wavtolip.mp4,1,FakeVideo-FakeAudio,Asian (South),men,id00685
FakeAVCeleb_v1.2,FakeAVCeleb_v1.2__FakeVideo-FakeAudio__Asian (South)__men__id00685__00146_id00745_eODND1ul7vE_faceswap_id00773_wavtolip.mp4,data\raw\FakeAVCeleb_v1.2\FakeVideo-FakeAudio\Asian (South)\men\id00685\00146_id00745_eODND1ul7vE_faceswap_id00773_wavtolip.mp4,1,FakeVideo-FakeAudio,Asian (South),men,id00685
FakeAVCeleb_v1.2,FakeAVCeleb_v1.2__FakeVideo-FakeAudio__Asian (South)__men__id00685__00146_id00745_eODND1ul7vE_faceswap_id06334_wavtolip.mp4,data\raw\FakeAVCeleb_v1.2\FakeVideo-FakeAudio\Asian (South)\men\id00685\00146_id00745_eODND1ul7vE_faceswap_id06334_wavtolip.mp4,1,FakeVideo-FakeAudio,Asian (South),men,id00685
FakeAVCeleb_v1.2,FakeAVCeleb_v1.2__FakeVideo-FakeAudio__Asian (South)__men__id00685__00146_id00745_eODND1ul7vE_faceswap_id07233_wavtolip.mp4,data\raw\FakeAVCeleb_v1.2\FakeVideo-FakeAudio\Asian (South)\men\id00685\00146_id00745_eODND1ul7vE_faceswap_id07233_wavtolip.mp4,1,FakeVideo-FakeAudio,Asian (South),men,id00685
FakeAVCeleb_v1.2,FakeAVCeleb_v1.2__FakeVideo-FakeAudio__Asian (South)__men__id00685__00146_id00745_eODND1ul7vE_id06355_wavtolip.mp4,data\raw\FakeAVCeleb_v1.2\FakeVideo-FakeAudio\Asian (South)\men\id00685\00146_id00745_eODND1ul7vE_id06355_wavtolip.mp4,1,FakeVideo-FakeAudio,Asian (South),men,id00685
FakeAVCeleb_v1.2,FakeAVCeleb_v1.2__FakeVideo-FakeAudio__Asian (South)__men__id00685__00146_id00816_BFudcHqBkpo_id03599_wavtolip.mp4,data\raw\FakeAVCeleb_v1.2\FakeVideo-FakeAudio\Asian (South)\men\id00685\00146_id00816_BFudcHqBkpo_id03599_wavtolip.mp4,1,FakeVideo-FakeAudio,Asian (South),men,id00685
FakeAVCeleb_v1.2,FakeAVCeleb_v1.2__FakeVideo-FakeAudio__Asian (South)__men__id00685__00146_id04554_wavtolip.mp4,data\raw\FakeAVCeleb_v1.2\FakeVideo-FakeAudio\Asian (South)\men\id00685\00146_id04554_wavtolip.mp4,1,FakeVideo-FakeAudio,Asian (South),men,id00685
FakeAVCeleb_v1.2,FakeAVCeleb_v1.2__FakeVideo-FakeAudio__Asian (South)__men__id00685__00146_id04561_tU_UYY5hSvc_id07182_wavtolip.mp4,data\raw\FakeAVCeleb_v1.2\FakeVideo-FakeAudio\Asian (South)\men\id00685\00146_id04561_tU_UYY5hSvc_id07182_wavtolip.mp4,1,FakeVideo-FakeAudio,Asian (South),men,id00685
FakeAVCeleb_v1.2,FakeAVCeleb_v1.2__FakeVideo-FakeAudio__Asian (South)__men__id00685__00146_id04599_wavtolip.mp4,data\raw\FakeAVCeleb_v1.2\FakeVideo-FakeAudio\Asian (South)\men\id00685\00146_id04599_wavtolip.mp4,1,FakeVideo-FakeAudio,Asian (South),men,id00685
FakeAVCeleb_v1.2,FakeAVCeleb_v1.2__FakeVideo-FakeAudio__Asian (South)__men__id00685__00146_id04928_wavtolip.mp4,data\raw\FakeAVCeleb_v1.2\FakeVideo-FakeAudio\Asian (South)\men\id00685\00146_id04928_wavtolip.mp4,1,FakeVideo-FakeAudio,Asian (South),men,id00685
FakeAVCeleb_v1.2,FakeAVCeleb_v1.2__FakeVideo-FakeAudio__Asian (South)__men__id00685__00146_id06355_YT0pXXvISi8_id00816_wavtolip.mp4,data\raw\FakeAVCeleb_v1.2\FakeVideo-FakeAudio\Asian (South)\men\id00685\00146_id06355_YT0pXXvISi8_id00816_wavtolip.mp4,1,FakeVideo-FakeAudio,Asian (South),men,id00685
FakeAVCeleb_v1.2,FakeAVCeleb_v1.2__FakeVideo-FakeAudio__Asian (South)__men__id00685__00146_id07108_qwfQPcvjGRY_id07768_wavtolip.mp4,data\raw\FakeAVCeleb_v1.2\FakeVideo-FakeAudio\Asian (South)\men\id00685\00146_id07108_qwfQPcvjGRY_id07768_wavtolip.mp4,1,FakeVideo-FakeAudio,Asian (South),men,id00685
FakeAVCeleb_v1.2,FakeAVCeleb_v1.2__FakeVideo-FakeAudio__Asian (South)__men__id00685__00146_id07165_oJ_iy16IBTM_id00773_wavtolip.mp4,data\raw\FakeAVCeleb_v1.2\FakeVideo-FakeAudio\Asian (South)\men\id00685\00146_id07165_oJ_iy16IBTM_id00773_wavtolip.mp4,1,FakeVideo-FakeAudio,Asian (South),men,id00685
FakeAVCeleb_v1.2,FakeAVCeleb_v1.2__FakeVideo-FakeAudio__Asian (South)__men__id00685__00146_id07195_wavtolip.mp4,data\raw\FakeAVCeleb_v1.2\FakeVideo-FakeAudio\Asian (South)\men\id00685\00146_id07195_wavtolip.mp4,1,FakeVideo-FakeAudio,Asian (South),men,id00685
FakeAVCeleb_v1.2,FakeAVCeleb_v1.2__FakeVideo-FakeAudio__Asian (South)__men__id00685__00146_id07200_quCElxMhW6g_id00773_wavtolip.mp4,data\raw\FakeAVCeleb_v1.2\FakeVideo-FakeAudio\Asian (South)\men\id00685\00146_id07200_quCElxMhW6g_id00773_wavtolip.mp4,1,FakeVideo-FakeAudio,Asian (South),men,id00685
FakeAVCeleb_v1.2,FakeAVCeleb_v1.2__FakeVideo-FakeAudio__Asian (South)__men__id00685__00146_id08313_wavtolip.mp4,data\raw\FakeAVCeleb_v1.2\FakeVideo-FakeAudio\Asian (South)\men\id00685\00146_id08313_wavtolip.mp4,1,FakeVideo-FakeAudio,Asian (South),men,id00685
FakeAVCeleb_v1.2,FakeAVCeleb_v1.2__FakeVideo-FakeAudio__Asian (South)__men__id00685__00146_id08314_wavtolip.mp4,data\raw\FakeAVCeleb_v1.2\FakeVideo-FakeAudio\Asian (South)\men\id00685\00146_id08314_wavtolip.mp4,1,FakeVideo-FakeAudio,Asian (South),men,id00685
FakeAVCeleb_v1.2,FakeAVCeleb_v1.2__FakeVideo-FakeAudio__Asian (South)__men__id04526__00317_0_id00857_wavtolip.mp4,data\raw\FakeAVCeleb_v1.2\FakeVideo-FakeAudio\Asian (South)\men\id04526\00317_0_id00857_wavtolip.mp4,1,FakeVideo-FakeAudio,Asian (South),men,id04526
FakeAVCeleb_v1.2,FakeAVCeleb_v1.2__FakeVideo-FakeAudio__Asian (South)__men__id04526__00317_0_id07161_wavtolip.mp4,data\raw\FakeAVCeleb_v1.2\FakeVideo-FakeAudio\Asian (South)\men\id04526\00317_0_id07161_wavtolip.mp4,1,FakeVideo-FakeAudio,Asian (South),men,id04526
FakeAVCeleb_v1.2,FakeAVCeleb_v1.2__FakeVideo-FakeAudio__Asian (South)__men__id04526__00317_0_id07182_wavtolip.mp4,data\raw\FakeAVCeleb_v1.2\FakeVideo-FakeAudio\Asian (South)\men\id04526\00317_0_id07182_wavtolip.mp4,1,FakeVideo-FakeAudio,Asian (South),men,id04526
FakeAVCeleb_v1.2,FakeAVCeleb_v1.2__FakeVideo-FakeAudio__Asian (South)__men__id04526__00317_0_id07210_wavtolip.mp4,data\raw\FakeAVCeleb_v1.2\FakeVideo-FakeAudio\Asian (South)\men\id04526\00317_0_id07210_wavtolip.mp4,1,FakeVideo-FakeAudio,Asian (South),men,id04526
FakeAVCeleb_v1.2,FakeAVCeleb_v1.2__FakeVideo-FakeAudio__Asian (South)__men__id04526__00317_0_id07233_wavtolip.mp4,data\raw\FakeAVCeleb_v1.2\FakeVideo-FakeAudio\Asian (South)\men\id04526\00317_0_id07233_wavtolip.mp4,1,FakeVideo-FakeAudio,Asian (South),men,id04526
FakeAVCeleb_v1.2,FakeAVCeleb_v1.2__FakeVideo-FakeAudio__Asian (South)__men__id04526__00317_1_id00032_wavtolip.mp4,data\raw\FakeAVCeleb_v1.2\FakeVideo-FakeAudio\Asian (South)\men\id04526\00317_1_id00032_wavtolip.mp4,1,FakeVideo-FakeAudio,Asian (South),men,id04526
FakeAVCeleb_v1.2,FakeAVCeleb_v1.2__FakeVideo-FakeAudio__Asian (South)__men__id04526__00317_1_id04526_wavtolip.mp4,data\raw\FakeAVCeleb_v1.2\FakeVideo-FakeAudio\Asian (South)\men\id04526\00317_1_id04526_wavtolip.mp4,1,FakeVideo-FakeAudio,Asian (South),men,id04526
FakeAVCeleb_v1.2,FakeAVCeleb_v1.2__FakeVideo-FakeAudio__Asian (South)__men__id04526__00317_1_id06753_wavtolip.mp4,data\raw\FakeAVCeleb_v1.2\FakeVideo-FakeAudio\Asian (South)\men\id04526\00317_1_id06753_wavtolip.mp4,1,FakeVideo-FakeAudio,Asian (South),men,id04526
FakeAVCeleb_v1.2,FakeAVCeleb_v1.2__FakeVideo-FakeAudio__Asian (South)__men__id04526__00317_1_id07058_wavtolip.mp4,data\raw\FakeAVCeleb_v1.2\FakeVideo-FakeAudio\Asian (South)\men\id04526\00317_1_id07058_wavtolip.mp4,1,FakeVideo-FakeAudio,Asian (South),men,id04526
FakeAVCeleb_v1.2,FakeAVCeleb_v1.2__FakeVideo-FakeAudio__Asian (South)__men__id04526__00317_1_id07195_wavtolip.mp4,data\raw\FakeAVCeleb_v1.2\FakeVideo-FakeAudio\Asian (South)\men\id04526\00317_1_id07195_wavtolip.mp4,1,FakeVideo-FakeAudio,Asian (South),men,id04526
FakeAVCeleb_v1.2,FakeAVCeleb_v1.2__FakeVideo-FakeAudio__Asian (South)__men__id04526__00317_2_id03945_wavtolip.mp4,data\raw\FakeAVCeleb_v1.2\FakeVideo-FakeAudio\Asian (South)\men\id04526\00317_2_id03945_wavtolip.mp4,1,FakeVideo-FakeAudio,Asian (South),men,id04526
FakeAVCeleb_v1.2,FakeAVCeleb_v1.2__FakeVideo-FakeAudio__Asian (South)__men__id04526__00317_2_id04554_wavtolip.mp4,data\raw\FakeAVCeleb_v1.2\FakeVideo-FakeAudio\Asian (South)\men\id04526\00317_2_id04554_wavtolip.mp4,1,FakeVideo-FakeAudio,Asian (South),men,id04526
FakeAVCeleb_v1.2,FakeAVCeleb_v1.2__FakeVideo-FakeAudio__Asian (South)__men__id04526__00317_2_id04560_wavtolip.mp4,data\raw\FakeAVCeleb_v1.2\FakeVideo-FakeAudio\Asian (South)\men\id04526\00317_2_id04560_wavtolip.mp4,1,FakeVideo-FakeAudio,Asian (South),men,id04526
FakeAVCeleb_v1.2,FakeAVCeleb_v1.2__FakeVideo-FakeAudio__Asian (South)__men__id04526__00317_2_id07768_wavtolip.mp4,data\raw\FakeAVCeleb_v1.2\FakeVideo-FakeAudio\Asian (South)\men\id04526\00317_2_id07768_wavtolip.mp4,1,FakeVideo-FakeAudio,Asian (South),men,id04526
FakeAVCeleb_v1.2,FakeAVCeleb_v1.2__FakeVideo-FakeAudio__Asian (South)__men__id04526__00317_3_id00032_wavtolip.mp4,data\raw\FakeAVCeleb_v1.2\FakeVideo-FakeAudio\Asian (South)\men\id04526\00317_3_id00032_wavtolip.mp4,1,FakeVideo-FakeAudio,Asian (South),men,id04526
FakeAVCeleb_v1.2,FakeAVCeleb_v1.2__FakeVideo-FakeAudio__Asian (South)__men__id04526__00317_3_id03945_wavtolip.mp4,data\raw\FakeAVCeleb_v1.2\FakeVideo-FakeAudio\Asian (South)\men\id04526\00317_3_id03945_wavtolip.mp4,1,FakeVideo-FakeAudio,Asian (South),men,id04526
FakeAVCeleb_v1.2,FakeAVCeleb_v1.2__FakeVideo-FakeAudio__Asian (South)__men__id04526__00317_3_id04562_wavtolip.mp4,data\raw\FakeAVCeleb_v1.2\FakeVideo-FakeAudio\Asian (South)\men\id04526\00317_3_id04562_wavtolip.mp4,1,FakeVideo-FakeAudio,Asian (South),men,id04526
FakeAVCeleb_v1.2,FakeAVCeleb_v1.2__FakeVideo-FakeAudio__Asian (South)__men__id04526__00317_3_id04599_wavtolip.mp4,data\raw\FakeAVCeleb_v1.2\FakeVideo-FakeAudio\Asian (South)\men\id04526\00317_3_id04599_wavtolip.mp4,1,FakeVideo-FakeAudio,Asian (South),men,id04526
FakeAVCeleb_v1.2,FakeAVCeleb_v1.2__FakeVideo-FakeAudio__Asian (South)__men__id04526__00317_3_id08314_wavtolip.mp4,data\raw\FakeAVCeleb_v1.2\FakeVideo-FakeAudio\Asian (South)\men\id04526\00317_3_id08314_wavtolip.mp4,1,FakeVideo-FakeAudio,Asian (South),men,id04526
FakeAVCeleb_v1.2,FakeAVCeleb_v1.2__FakeVideo-FakeAudio__Asian (South)__men__id04526__00317_id00033_gduDuRWhnlQ_id04928_wavtolip.mp4,data\raw\FakeAVCeleb_v1.2\FakeVideo-FakeAudio\Asian (South)\men\id04526\00317_id00033_gduDuRWhnlQ_id04928_wavtolip.mp4,1,FakeVideo-FakeAudio,Asian (South),men,id04526
FakeAVCeleb_v1.2,FakeAVCeleb_v1.2__FakeVideo-FakeAudio__Asian (South)__men__id04526__00317_id00414_d3N2NrpGSp0_id08314_wavtolip.mp4,data\raw\FakeAVCeleb_v1.2\FakeVideo-FakeAudio\Asian (South)\men\id04526\00317_id00414_d3N2NrpGSp0_id08314_wavtolip.mp4,1,FakeVideo-FakeAudio,Asian (South),men,id04526
FakeAVCeleb_v1.2,FakeAVCeleb_v1.2__FakeVideo-FakeAudio__Asian (South)__men__id04526__00317_id00685_wavtolip.mp4,data\raw\FakeAVCeleb_v1.2\FakeVideo-FakeAudio\Asian (South)\men\id04526\00317_id00685_wavtolip.mp4,1,FakeVideo-FakeAudio,Asian (South),men,id04526
FakeAVCeleb_v1.2,FakeAVCeleb_v1.2__FakeVideo-FakeAudio__Asian (South)__men__id04526__00317_id00773_wavtolip.mp4,data\raw\FakeAVCeleb_v1.2\FakeVideo-FakeAudio\Asian (South)\men\id04526\00317_id00773_wavtolip.mp4,1,FakeVideo-FakeAudio,Asian (South),men,id04526
FakeAVCeleb_v1.2,FakeAVCeleb_v1.2__FakeVideo-FakeAudio__Asian (South)__men__id04526__00317_id00857_wavtolip.mp4,data\raw\FakeAVCeleb_v1.2\FakeVideo-FakeAudio\Asian (South)\men\id04526\00317_id00857_wavtolip.mp4,1,FakeVideo-FakeAudio,Asian (South),men,id04526
FakeAVCeleb_v1.2,FakeAVCeleb_v1.2__FakeVideo-FakeAudio__Asian (South)__men__id04526__00317_id00860_wavtolip.mp4,data\raw\FakeAVCeleb_v1.2\FakeVideo-FakeAudio\Asian (South)\men\id04526\00317_id00860_wavtolip.mp4,1,FakeVideo-FakeAudio,Asian (South),men,id04526
FakeAVCeleb_v1.2,FakeAVCeleb_v1.2__FakeVideo-FakeAudio__Asian (South)__men__id04526__00317_id04554_wavtolip.mp4,data\raw\FakeAVCeleb_v1.2\FakeVideo-FakeAudio\Asian (South)\men\id04526\00317_id04554_wavtolip.mp4,1,FakeVideo-FakeAudio,Asian (South),men,id04526
FakeAVCeleb_v1.2,FakeAVCeleb_v1.2__FakeVideo-FakeAudio__Asian (South)__men__id04526__00317_id04562_wavtolip.mp4,data\raw\FakeAVCeleb_v1.2\FakeVideo-FakeAudio\Asian (South)\men\id04526\00317_id04562_wavtolip.mp4,1,FakeVideo-FakeAudio,Asian (South),men,id04526
FakeAVCeleb_v1.2,FakeAVCeleb_v1.2__FakeVideo-FakeAudio__Asian (South)__men__id04526__00317_id07163_aO7f_YmkQnc_id00033_wavtolip.mp4,data\raw\FakeAVCeleb_v1.2\FakeVideo-FakeAudio\Asian (South)\men\id04526\00317_id07163_aO7f_YmkQnc_id00033_wavtolip.mp4,1,FakeVideo-FakeAudio,Asian (South),men,id04526
FakeAVCeleb_v1.2,FakeAVCeleb_v1.2__FakeVideo-FakeAudio__Asian (South)__men__id04526__00317_id07165_oJ_iy16IBTM_id07163_wavtolip.mp4,data\raw\FakeAVCeleb_v1.2\FakeVideo-FakeAudio\Asian (South)\men\id04526\00317_id07165_oJ_iy16IBTM_id07163_wavtolip.mp4,1,FakeVideo-FakeAudio,Asian (South),men,id04526
FakeAVCeleb_v1.2,FakeAVCeleb_v1.2__FakeVideo-FakeAudio__Asian (South)__men__id04526__00317_id07165_wavtolip.mp4,data\raw\FakeAVCeleb_v1.2\FakeVideo-FakeAudio\Asian (South)\men\id04526\00317_id07165_wavtolip.mp4,1,FakeVideo-FakeAudio,Asian (South),men,id04526
FakeAVCeleb_v1.2,FakeAVCeleb_v1.2__FakeVideo-FakeAudio__Asian (South)__men__id04526__00317_id07179_P5-oEyX0x1M_id00032_wavtolip.mp4,data\raw\FakeAVCeleb_v1.2\FakeVideo-FakeAudio\Asian (South)\men\id04526\00317_id07179_P5-oEyX0x1M_id00032_wavtolip.mp4,1,FakeVideo-FakeAudio,Asian (South),men,id04526
FakeAVCeleb_v1.2,FakeAVCeleb_v1.2__FakeVideo-FakeAudio__Asian (South)__men__id04526__00317_id07179_wavtolip.mp4,data\raw\FakeAVCeleb_v1.2\FakeVideo-FakeAudio\Asian (South)\men\id04526\00317_id07179_wavtolip.mp4,1,FakeVideo-FakeAudio,Asian (South),men,id04526
FakeAVCeleb_v1.2,FakeAVCeleb_v1.2__FakeVideo-FakeAudio__Asian (South)__men__id04526__00317_id07182_717IRon_OIQ_id00773_wavtolip.mp4,data\raw\FakeAVCeleb_v1.2\FakeVideo-FakeAudio\Asian (South)\men\id04526\00317_id07182_717IRon_OIQ_id00773_wavtolip.mp4,1,FakeVideo-FakeAudio,Asian (South),men,id04526
FakeAVCeleb_v1.2,FakeAVCeleb_v1.2__FakeVideo-FakeAudio__Asian (South)__men__id04526__00317_id07233_wavtolip.mp4,data\raw\FakeAVCeleb_v1.2\FakeVideo-FakeAudio\Asian (South)\men\id04526\00317_id07233_wavtolip.mp4,1,FakeVideo-FakeAudio,Asian (South),men,id04526
FakeAVCeleb_v1.2,FakeAVCeleb_v1.2__FakeVideo-FakeAudio__Asian (South)__men__id04526__00317_id07768_mD6x-0ihLOI_id07210_wavtolip.mp4,data\raw\FakeAVCeleb_v1.2\FakeVideo-FakeAudio\Asian (South)\men\id04526\00317_id07768_mD6x-0ihLOI_id07210_wavtolip.mp4,1,FakeVideo-FakeAudio,Asian (South),men,id04526
FakeAVCeleb_v1.2,FakeAVCeleb_v1.2__FakeVideo-FakeAudio__Asian (South)__men__id04526__00317_id08313_wavtolip.mp4,data\raw\FakeAVCeleb_v1.2\FakeVideo-FakeAudio\Asian (South)\men\id04526\00317_id08313_wavtolip.mp4,1,FakeVideo-FakeAudio,Asian (South),men,id04526
FakeAVCeleb_v1.2,FakeAVCeleb_v1.2__FakeVideo-FakeAudio__Asian (South)__men__id04526__00317_id08457_vFyjAJwQulM_id07182_wavtolip.mp4,data\raw\FakeAVCeleb_v1.2\FakeVideo-FakeAudio\Asian (South)\men\id04526\00317_id08457_vFyjAJwQulM_id07182_wavtolip.mp4,1,FakeVideo-FakeAudio,Asian (South),men,id04526
FakeAVCeleb_v1.2,FakeAVCeleb_v1.2__FakeVideo-FakeAudio__Asian (South)__men__id04599__00111_id00032_AQMDc6SKNXs_id07179_wavtolip.mp4,data\raw\FakeAVCeleb_v1.2\FakeVideo-FakeAudio\Asian (South)\men\id04599\00111_id00032_AQMDc6SKNXs_id07179_wavtolip.mp4,1,FakeVideo-FakeAudio,Asian (South),men,id04599
FakeAVCeleb_v1.2,FakeAVCeleb_v1.2__FakeVideo-FakeAudio__Asian (South)__men__id04599__00111_id00350_75IFJNFAMIM_id04537_wavtolip.mp4,data\raw\FakeAVCeleb_v1.2\FakeVideo-FakeAudio\Asian (South)\men\id04599\00111_id00350_75IFJNFAMIM_id04537_wavtolip.mp4,1,FakeVideo-FakeAudio,Asian (South),men,id04599
FakeAVCeleb_v1.2,FakeAVCeleb_v1.2__FakeVideo-FakeAudio__Asian (South)__men__id04599__00111_id00459_wavtolip.mp4,data\raw\FakeAVCeleb_v1.2\FakeVideo-FakeAudio\Asian (South)\men\id04599\00111_id00459_wavtolip.mp4,1,FakeVideo-FakeAudio,Asian (South),men,id04599
FakeAVCeleb_v1.2,FakeAVCeleb_v1.2__FakeVideo-FakeAudio__Asian (South)__men__id04599__00111_id00685_wavtolip.mp4,data\raw\FakeAVCeleb_v1.2\FakeVideo-FakeAudio\Asian (South)\men\id04599\00111_id00685_wavtolip.mp4,1,FakeVideo-FakeAudio,Asian (South),men,id04599
FakeAVCeleb_v1.2,FakeAVCeleb_v1.2__FakeVideo-FakeAudio__Asian (South)__men__id04599__00111_id00773_2j3lUETJ57I_id07195_wavtolip.mp4,data\raw\FakeAVCeleb_v1.2\FakeVideo-FakeAudio\Asian (South)\men\id04599\00111_id00773_2j3lUETJ57I_id07195_wavtolip.mp4,1,FakeVideo-FakeAudio,Asian (South),men,id04599
FakeAVCeleb_v1.2,FakeAVCeleb_v1.2__FakeVideo-FakeAudio__Asian (South)__men__id04599__00111_id00773_wavtolip.mp4,data\raw\FakeAVCeleb_v1.2\FakeVideo-FakeAudio\Asian (South)\men\id04599\00111_id00773_wavtolip.mp4,1,FakeVideo-FakeAudio,Asian (South),men,id04599
FakeAVCeleb_v1.2,FakeAVCeleb_v1.2__FakeVideo-FakeAudio__Asian (South)__men__id04599__00111_id00857_wavtolip.mp4,data\raw\FakeAVCeleb_v1.2\FakeVideo-FakeAudio\Asian (South)\men\id04599\00111_id00857_wavtolip.mp4,1,FakeVideo-FakeAudio,Asian (South),men,id04599
FakeAVCeleb_v1.2,FakeAVCeleb_v1.2__FakeVideo-FakeAudio__Asian (South)__men__id04599__00111_id04601_wavtolip.mp4,data\raw\FakeAVCeleb_v1.2\FakeVideo-FakeAudio\Asian (South)\men\id04599\00111_id04601_wavtolip.mp4,1,FakeVideo-FakeAudio,Asian (South),men,id04599
FakeAVCeleb_v1.2,FakeAVCeleb_v1.2__FakeVideo-FakeAudio__Asian (South)__men__id04599__00111_id06354_PmWLmcJNUhM_faceswap_id00078_wavtolip.mp4,data\raw\FakeAVCeleb_v1.2\FakeVideo-FakeAudio\Asian (South)\men\id04599\00111_id06354_PmWLmcJNUhM_faceswap_id00078_wavtolip.mp4,1,FakeVideo-FakeAudio,Asian (South),men,id04599
FakeAVCeleb_v1.2,FakeAVCeleb_v1.2__FakeVideo-FakeAudio__Asian (South)__men__id04599__00111_id06354_PmWLmcJNUhM_faceswap_id00732_wavtolip.mp4,data\raw\FakeAVCeleb_v1.2\FakeVideo-FakeAudio\Asian (South)\men\id04599\00111_id06354_PmWLmcJNUhM_faceswap_id00732_wavtolip.mp4,1,FakeVideo-FakeAudio,Asian (South),men,id04599
FakeAVCeleb_v1.2,FakeAVCeleb_v1.2__FakeVideo-FakeAudio__Asian (South)__men__id04599__00111_id06354_PmWLmcJNUhM_faceswap_id04560_wavtolip.mp4,data\raw\FakeAVCeleb_v1.2\FakeVideo-FakeAudio\Asian (South)\men\id04599\00111_id06354_PmWLmcJNUhM_faceswap_id04560_wavtolip.mp4,1,FakeVideo-FakeAudio,Asian (South),men,id04599
FakeAVCeleb_v1.2,FakeAVCeleb_v1.2__FakeVideo-FakeAudio__Asian (South)__men__id04599__00111_id06354_PmWLmcJNUhM_faceswap_id07058_wavtolip.mp4,data\raw\FakeAVCeleb_v1.2\FakeVideo-FakeAudio\Asian (South)\men\id04599\00111_id06354_PmWLmcJNUhM_faceswap_id07058_wavtolip.mp4,1,FakeVideo-FakeAudio,Asian (South),men,id04599
FakeAVCeleb_v1.2,FakeAVCeleb_v1.2__FakeVideo-FakeAudio__Asian (South)__men__id04599__00111_id06354_PmWLmcJNUhM_faceswap_id08313_wavtolip.mp4,data\raw\FakeAVCeleb_v1.2\FakeVideo-FakeAudio\Asian (South)\men\id04599\00111_id06354_PmWLmcJNUhM_faceswap_id08313_wavtolip.mp4,1,FakeVideo-FakeAudio,Asian (South),men,id04599
FakeAVCeleb_v1.2,FakeAVCeleb_v1.2__FakeVideo-FakeAudio__Asian (South)__men__id04599__00111_id06354_PmWLmcJNUhM_id07058_wavtolip.mp4,data\raw\FakeAVCeleb_v1.2\FakeVideo-FakeAudio\Asian (South)\men\id04599\00111_id06354_PmWLmcJNUhM_id07058_wavtolip.mp4,1,FakeVideo-FakeAudio,Asian (South),men,id04599
FakeAVCeleb_v1.2,FakeAVCeleb_v1.2__FakeVideo-FakeAudio__Asian (South)__men__id04599__00111_id06355_wavtolip.mp4,data\raw\FakeAVCeleb_v1.2\FakeVideo-FakeAudio\Asian (South)\men\id04599\00111_id06355_wavtolip.mp4,1,FakeVideo-FakeAudio,Asian (South),men,id04599
FakeAVCeleb_v1.2,FakeAVCeleb_v1.2__FakeVideo-FakeAudio__Asian (South)__men__id04599__00111_id07108_qwfQPcvjGRY_id00032_wavtolip.mp4,data\raw\FakeAVCeleb_v1.2\FakeVideo-FakeAudio\Asian (South)\men\id04599\00111_id07108_qwfQPcvjGRY_id00032_wavtolip.mp4,1,FakeVideo-FakeAudio,Asian (South),men,id04599
FakeAVCeleb_v1.2,FakeAVCeleb_v1.2__FakeVideo-FakeAudio__Asian (South)__men__id04599__00111_id07161_OYWKr82Zu38_id00769_wavtolip.mp4,data\raw\FakeAVCeleb_v1.2\FakeVideo-FakeAudio\Asian (South)\men\id04599\00111_id07161_OYWKr82Zu38_id00769_wavtolip.mp4,1,FakeVideo-FakeAudio,Asian (South),men,id04599
FakeAVCeleb_v1.2,FakeAVCeleb_v1.2__FakeVideo-FakeAudio__Asian (South)__men__id04599__00111_id07194_NDJaiff98Fo_id00745_wavtolip.mp4,data\raw\FakeAVCeleb_v1.2\FakeVideo-FakeAudio\Asian (South)\men\id04599\00111_id07194_NDJaiff98Fo_id00745_wavtolip.mp4,1,FakeVideo-FakeAudio,Asian (South),men,id04599
FakeAVCeleb_v1.2,FakeAVCeleb_v1.2__FakeVideo-FakeAudio__Asian (South)__men__id04599__00111_id07194_wavtolip.mp4,data\raw\FakeAVCeleb_v1.2\FakeVideo-FakeAudio\Asian (South)\men\id04599\00111_id07194_wavtolip.mp4,1,FakeVideo-FakeAudio,Asian (South),men,id04599
FakeAVCeleb_v1.2,FakeAVCeleb_v1.2__FakeVideo-FakeAudio__Asian (South)__men__id04599__00111_id07210_0160kET2rUM_id03344_wavtolip.mp4,data\raw\FakeAVCeleb_v1.2\FakeVideo-FakeAudio\Asian (South)\men\id04599\00111_id07210_0160kET2rUM_id03344_wavtolip.mp4,1,FakeVideo-FakeAudio,Asian (South),men,id04599
FakeAVCeleb_v1.2,FakeAVCeleb_v1.2__FakeVideo-FakeAudio__Asian (South)__men__id04599__00111_id07463_wavtolip.mp4,data\raw\FakeAVCeleb_v1.2\FakeVideo-FakeAudio\Asian (South)\men\id04599\00111_id07463_wavtolip.mp4,1,FakeVideo-FakeAudio,Asian (South),men,id04599
FakeAVCeleb_v1.2,FakeAVCeleb_v1.2__FakeVideo-FakeAudio__Asian (South)__men__id04599__00111_id07768_wavtolip.mp4,data\raw\FakeAVCeleb_v1.2\FakeVideo-FakeAudio\Asian (South)\men\id04599\00111_id07768_wavtolip.mp4,1,FakeVideo-FakeAudio,Asian (South),men,id04599
FakeAVCeleb_v1.2,FakeAVCeleb_v1.2__FakeVideo-FakeAudio__Asian (South)__men__id07058__00010_id00103_qpTVaP4y5DQ_id07165_wavtolip.mp4,data\raw\FakeAVCeleb_v1.2\FakeVideo-FakeAudio\Asian (South)\men\id07058\00010_id00103_qpTVaP4y5DQ_id07165_wavtolip.mp4,1,FakeVideo-FakeAudio,Asian (South),men,id07058
FakeAVCeleb_v1.2,FakeAVCeleb_v1.2__FakeVideo-FakeAudio__Asian (South)__men__id07058__00010_id00103_wavtolip.mp4,data\raw\FakeAVCeleb_v1.2\FakeVideo-FakeAudio\Asian (South)\men\id07058\00010_id00103_wavtolip.mp4,1,FakeVideo-FakeAudio,Asian (South),men,id07058
FakeAVCeleb_v1.2,FakeAVCeleb_v1.2__FakeVideo-FakeAudio__Asian (South)__men__id07058__00010_id00685_wavtolip.mp4,data\raw\FakeAVCeleb_v1.2\FakeVideo-FakeAudio\Asian (South)\men\id07058\00010_id00685_wavtolip.mp4,1,FakeVideo-FakeAudio,Asian (South),men,id07058
FakeAVCeleb_v1.2,FakeAVCeleb_v1.2__FakeVideo-FakeAudio__Asian (South)__men__id07058__00010_id00769_BqHVSZdoVpM_id00769_wavtolip.mp4,data\raw\FakeAVCeleb_v1.2\FakeVideo-FakeAudio\Asian (South)\men\id07058\00010_id00769_BqHVSZdoVpM_id00769_wavtolip.mp4,1,FakeVideo-FakeAudio,Asian (South),men,id07058
FakeAVCeleb_v1.2,FakeAVCeleb_v1.2__FakeVideo-FakeAudio__Asian (South)__men__id07058__00010_id00773_2j3lUETJ57I_id00773_wavtolip.mp4,data\raw\FakeAVCeleb_v1.2\FakeVideo-FakeAudio\Asian (South)\men\id07058\00010_id00773_2j3lUETJ57I_id00773_wavtolip.mp4,1,FakeVideo-FakeAudio,Asian (South),men,id07058
FakeAVCeleb_v1.2,FakeAVCeleb_v1.2__FakeVideo-FakeAudio__Asian (South)__men__id07058__00010_id00857_yJ7bbvwL4kU_id00033_wavtolip.mp4,data\raw\FakeAVCeleb_v1.2\FakeVideo-FakeAudio\Asian (South)\men\id07058\00010_id00857_yJ7bbvwL4kU_id00033_wavtolip.mp4,1,FakeVideo-FakeAudio,Asian (South),men,id07058
FakeAVCeleb_v1.2,FakeAVCeleb_v1.2__FakeVideo-FakeAudio__Asian (South)__men__id07058__00010_id03344_vyNnOo6lU0o_faceswap_id00685_wavtolip.mp4,data\raw\FakeAVCeleb_v1.2\FakeVideo-FakeAudio\Asian (South)\men\id07058\00010_id03344_vyNnOo6lU0o_faceswap_id00685_wavtolip.mp4,1,FakeVideo-FakeAudio,Asian (South),men,id07058
FakeAVCeleb_v1.2,FakeAVCeleb_v1.2__FakeVideo-FakeAudio__Asian (South)__men__id07058__00010_id03344_vyNnOo6lU0o_faceswap_id00732_wavtolip.mp4,data\raw\FakeAVCeleb_v1.2\FakeVideo-FakeAudio\Asian (South)\men\id07058\00010_id03344_vyNnOo6lU0o_faceswap_id00732_wavtolip.mp4,1,FakeVideo-FakeAudio,Asian (South),men,id07058
FakeAVCeleb_v1.2,FakeAVCeleb_v1.2__FakeVideo-FakeAudio__Asian (South)__men__id07058__00010_id03344_vyNnOo6lU0o_faceswap_id00773_wavtolip.mp4,data\raw\FakeAVCeleb_v1.2\FakeVideo-FakeAudio\Asian (South)\men\id07058\00010_id03344_vyNnOo6lU0o_faceswap_id00773_wavtolip.mp4,1,FakeVideo-FakeAudio,Asian (South),men,id07058
FakeAVCeleb_v1.2,FakeAVCeleb_v1.2__FakeVideo-FakeAudio__Asian (South)__men__id07058__00010_id03344_vyNnOo6lU0o_faceswap_id04562_wavtolip.mp4,data\raw\FakeAVCeleb_v1.2\FakeVideo-FakeAudio\Asian (South)\men\id07058\00010_id03344_vyNnOo6lU0o_faceswap_id04562_wavtolip.mp4,1,FakeVideo-FakeAudio,Asian (South),men,id07058
FakeAVCeleb_v1.2,FakeAVCeleb_v1.2__FakeVideo-FakeAudio__Asian (South)__men__id07058__00010_id03344_vyNnOo6lU0o_id06334_wavtolip.mp4,data\raw\FakeAVCeleb_v1.2\FakeVideo-FakeAudio\Asian (South)\men\id07058\00010_id03344_vyNnOo6lU0o_id06334_wavtolip.mp4,1,FakeVideo-FakeAudio,Asian (South),men,id07058
FakeAVCeleb_v1.2,FakeAVCeleb_v1.2__FakeVideo-FakeAudio__Asian (South)__men__id07058__00010_id03344_wavtolip.mp4,data\raw\FakeAVCeleb_v1.2\FakeVideo-FakeAudio\Asian (South)\men\id07058\00010_id03344_wavtolip.mp4,1,FakeVideo-FakeAudio,Asian (South),men,id07058
FakeAVCeleb_v1.2,FakeAVCeleb_v1.2__FakeVideo-FakeAudio__Asian (South)__men__id07058__00010_id04560_wavtolip.mp4,data\raw\FakeAVCeleb_v1.2\FakeVideo-FakeAudio\Asian (South)\men\id07058\00010_id04560_wavtolip.mp4,1,FakeVideo-FakeAudio,Asian (South),men,id07058
FakeAVCeleb_v1.2,FakeAVCeleb_v1.2__FakeVideo-FakeAudio__Asian (South)__men__id07058__00010_id04562_qio_Gs7wjvY_id06753_wavtolip.mp4,data\raw\FakeAVCeleb_v1.2\FakeVideo-FakeAudio\Asian (South)\men\id07058\00010_id04562_qio_Gs7wjvY_id06753_wavtolip.mp4,1,FakeVideo-FakeAudio,Asian (South),men,id07058
FakeAVCeleb_v1.2,FakeAVCeleb_v1.2__FakeVideo-FakeAudio__Asian (South)__men__id07058__00010_id04928_wavtolip.mp4,data\raw\FakeAVCeleb_v1.2\FakeVideo-FakeAudio\Asian (South)\men\id07058\00010_id04928_wavtolip.mp4,1,FakeVideo-FakeAudio,Asian (South),men,id07058
FakeAVCeleb_v1.2,FakeAVCeleb_v1.2__FakeVideo-FakeAudio__Asian (South)__men__id07058__00010_id06753_wavtolip.mp4,data\raw\FakeAVCeleb_v1.2\FakeVideo-FakeAudio\Asian (South)\men\id07058\00010_id06753_wavtolip.mp4,1,FakeVideo-FakeAudio,Asian (South),men,id07058
FakeAVCeleb_v1.2,FakeAVCeleb_v1.2__FakeVideo-FakeAudio__Asian (South)__men__id07058__00010_id07182_wavtolip.mp4,data\raw\FakeAVCeleb_v1.2\FakeVideo-FakeAudio\Asian (South)\men\id07058\00010_id07182_wavtolip.mp4,1,FakeVideo-FakeAudio,Asian (South),men,id07058
FakeAVCeleb_v1.2,FakeAVCeleb_v1.2__FakeVideo-FakeAudio__Asian (South)__men__id07058__00010_id07194_wavtolip.mp4,data\raw\FakeAVCeleb_v1.2\FakeVideo-FakeAudio\Asian (South)\men\id07058\00010_id07194_wavtolip.mp4,1,FakeVideo-FakeAudio,Asian (South),men,id07058
FakeAVCeleb_v1.2,FakeAVCeleb_v1.2__FakeVideo-FakeAudio__Asian (South)__men__id07058__00010_id07210_0160kET2rUM_id06753_wavtolip.mp4,data\raw\FakeAVCeleb_v1.2\FakeVideo-FakeAudio\Asian (South)\men\id07058\00010_id07210_0160kET2rUM_id06753_wavtolip.mp4,1,FakeVideo-FakeAudio,Asian (South),men,id07058
FakeAVCeleb_v1.2,FakeAVCeleb_v1.2__FakeVideo-FakeAudio__Asian (South)__men__id07058__00010_id08313_t6WZ9KCaXBM_id07179_wavtolip.mp4,data\raw\FakeAVCeleb_v1.2\FakeVideo-FakeAudio\Asian (South)\men\id07058\00010_id08313_t6WZ9KCaXBM_id07179_wavtolip.mp4,1,FakeVideo-FakeAudio,Asian (South),men,id07058
FakeAVCeleb_v1.2,FakeAVCeleb_v1.2__FakeVideo-FakeAudio__Asian (South)__men__id07058__00010_id08313_wavtolip.mp4,data\raw\FakeAVCeleb_v1.2\FakeVideo-FakeAudio\Asian (South)\men\id07058\00010_id08313_wavtolip.mp4,1,FakeVideo-FakeAudio,Asian (South),men,id07058
FakeAVCeleb_v1.2,FakeAVCeleb_v1.2__FakeVideo-FakeAudio__Asian (South)__men__id07058__00010_id08314_wavtolip.mp4,data\raw\FakeAVCeleb_v1.2\FakeVideo-FakeAudio\Asian (South)\men\id07058\00010_id08314_wavtolip.mp4,1,FakeVideo-FakeAudio,Asian (South),men,id07058
FakeAVCeleb_v1.2,FakeAVCeleb_v1.2__FakeVideo-FakeAudio__Asian (South)__men__id07179__00206_id00078_wavtolip.mp4,data\raw\FakeAVCeleb_v1.2\FakeVideo-FakeAudio\Asian (South)\men\id07179\00206_id00078_wavtolip.mp4,1,FakeVideo-FakeAudio,Asian (South),men,id07179
FakeAVCeleb_v1.2,FakeAVCeleb_v1.2__FakeVideo-FakeAudio__Asian (South)__men__id07179__00206_id00082_wavtolip.mp4,data\raw\FakeAVCeleb_v1.2\FakeVideo-FakeAudio\Asian (South)\men\id07179\00206_id00082_wavtolip.mp4,1,FakeVideo-FakeAudio,Asian (South),men,id07179
FakeAVCeleb_v1.2,FakeAVCeleb_v1.2__FakeVideo-FakeAudio__Asian (South)__men__id07179__00206_id00459_ubskcDDe7kM_id00103_wavtolip.mp4,data\raw\FakeAVCeleb_v1.2\FakeVideo-FakeAudio\Asian (South)\men\id07179\00206_id00459_ubskcDDe7kM_id00103_wavtolip.mp4,1,FakeVideo-FakeAudio,Asian (South),men,id07179
FakeAVCeleb_v1.2,FakeAVCeleb_v1.2__FakeVideo-FakeAudio__Asian (South)__men__id07179__00206_id00685_wavtolip.mp4,data\raw\FakeAVCeleb_v1.2\FakeVideo-FakeAudio\Asian (South)\men\id07179\00206_id00685_wavtolip.mp4,1,FakeVideo-FakeAudio,Asian (South),men,id07179
FakeAVCeleb_v1.2,FakeAVCeleb_v1.2__FakeVideo-FakeAudio__Asian (South)__men__id07179__00206_id00857_wavtolip.mp4,data\raw\FakeAVCeleb_v1.2\FakeVideo-FakeAudio\Asian (South)\men\id07179\00206_id00857_wavtolip.mp4,1,FakeVideo-FakeAudio,Asian (South),men,id07179
FakeAVCeleb_v1.2,FakeAVCeleb_v1.2__FakeVideo-FakeAudio__Asian (South)__men__id07179__00206_id03344_wavtolip.mp4,data\raw\FakeAVCeleb_v1.2\FakeVideo-FakeAudio\Asian (South)\men\id07179\00206_id03344_wavtolip.mp4,1,FakeVideo-FakeAudio,Asian (South),men,id07179
FakeAVCeleb_v1.2,FakeAVCeleb_v1.2__FakeVideo-FakeAudio__Asian (South)__men__id07179__00206_id03599_wavtolip.mp4,data\raw\FakeAVCeleb_v1.2\FakeVideo-FakeAudio\Asian (South)\men\id07179\00206_id03599_wavtolip.mp4,1,FakeVideo-FakeAudio,Asian (South),men,id07179
FakeAVCeleb_v1.2,FakeAVCeleb_v1.2__FakeVideo-FakeAudio__Asian (South)__men__id07179__00206_id04526_dHGXa49tzWI_id00860_wavtolip.mp4,data\raw\FakeAVCeleb_v1.2\FakeVideo-FakeAudio\Asian (South)\men\id07179\00206_id04526_dHGXa49tzWI_id00860_wavtolip.mp4,1,FakeVideo-FakeAudio,Asian (South),men,id07179
FakeAVCeleb_v1.2,FakeAVCeleb_v1.2__FakeVideo-FakeAudio__Asian (South)__men__id07179__00206_id06334_EMORdZRY1r0_id04537_wavtolip.mp4,data\raw\FakeAVCeleb_v1.2\FakeVideo-FakeAudio\Asian (South)\men\id07179\00206_id06334_EMORdZRY1r0_id04537_wavtolip.mp4,1,FakeVideo-FakeAudio,Asian (South),men,id07179
FakeAVCeleb_v1.2,FakeAVCeleb_v1.2__FakeVideo-FakeAudio__Asian (South)__men__id07179__00206_id06753_wavtolip.mp4,data\raw\FakeAVCeleb_v1.2\FakeVideo-FakeAudio\Asian (South)\men\id07179\00206_id06753_wavtolip.mp4,1,FakeVideo-FakeAudio,Asian (South),men,id07179
FakeAVCeleb_v1.2,FakeAVCeleb_v1.2__FakeVideo-FakeAudio__Asian (South)__men__id07179__00206_id07163_aO7f_YmkQnc_id00816_wavtolip.mp4,data\raw\FakeAVCeleb_v1.2\FakeVideo-FakeAudio\Asian (South)\men\id07179\00206_id07163_aO7f_YmkQnc_id00816_wavtolip.mp4,1,FakeVideo-FakeAudio,Asian (South),men,id07179
FakeAVCeleb_v1.2,FakeAVCeleb_v1.2__FakeVideo-FakeAudio__Asian (South)__men__id07179__00206_id07165_oJ_iy16IBTM_faceswap_id00032_wavtolip.mp4,data\raw\FakeAVCeleb_v1.2\FakeVideo-FakeAudio\Asian (South)\men\id07179\00206_id07165_oJ_iy16IBTM_faceswap_id00032_wavtolip.mp4,1,FakeVideo-FakeAudio,Asian (South),men,id07179
FakeAVCeleb_v1.2,FakeAVCeleb_v1.2__FakeVideo-FakeAudio__Asian (South)__men__id07179__00206_id07165_oJ_iy16IBTM_faceswap_id00082_wavtolip.mp4,data\raw\FakeAVCeleb_v1.2\FakeVideo-FakeAudio\Asian (South)\men\id07179\00206_id07165_oJ_iy16IBTM_faceswap_id00082_wavtolip.mp4,1,FakeVideo-FakeAudio,Asian (South),men,id07179
FakeAVCeleb_v1.2,FakeAVCeleb_v1.2__FakeVideo-FakeAudio__Asian (South)__men__id07179__00206_id07165_oJ_iy16IBTM_faceswap_id03180_wavtolip.mp4,data\raw\FakeAVCeleb_v1.2\FakeVideo-FakeAudio\Asian (South)\men\id07179\00206_id07165_oJ_iy16IBTM_faceswap_id03180_wavtolip.mp4,1,FakeVideo-FakeAudio,Asian (South),men,id07179
FakeAVCeleb_v1.2,FakeAVCeleb_v1.2__FakeVideo-FakeAudio__Asian (South)__men__id07179__00206_id07165_oJ_iy16IBTM_faceswap_id04928_wavtolip.mp4,data\raw\FakeAVCeleb_v1.2\FakeVideo-FakeAudio\Asian (South)\men\id07179\00206_id07165_oJ_iy16IBTM_faceswap_id04928_wavtolip.mp4,1,FakeVideo-FakeAudio,Asian (South),men,id07179
FakeAVCeleb_v1.2,FakeAVCeleb_v1.2__FakeVideo-FakeAudio__Asian (South)__men__id07179__00206_id07165_oJ_iy16IBTM_faceswap_id07233_wavtolip.mp4,data\raw\FakeAVCeleb_v1.2\FakeVideo-FakeAudio\Asian (South)\men\id07179\00206_id07165_oJ_iy16IBTM_faceswap_id07233_wavtolip.mp4,1,FakeVideo-FakeAudio,Asian (South),men,id07179
FakeAVCeleb_v1.2,FakeAVCeleb_v1.2__FakeVideo-FakeAudio__Asian (South)__men__id07179__00206_id07165_oJ_iy16IBTM_id07058_wavtolip.mp4,data\raw\FakeAVCeleb_v1.2\FakeVideo-FakeAudio\Asian (South)\men\id07179\00206_id07165_oJ_iy16IBTM_id07058_wavtolip.mp4,1,FakeVideo-FakeAudio,Asian (South),men,id07179
FakeAVCeleb_v1.2,FakeAVCeleb_v1.2__FakeVideo-FakeAudio__Asian (South)__men__id07179__00206_id07195_wavtolip.mp4,data\raw\FakeAVCeleb_v1.2\FakeVideo-FakeAudio\Asian (South)\men\id07179\00206_id07195_wavtolip.mp4,1,FakeVideo-FakeAudio,Asian (South),men,id07179
FakeAVCeleb_v1.2,FakeAVCeleb_v1.2__FakeVideo-FakeAudio__Asian (South)__men__id07179__00206_id07210_wavtolip.mp4,data\raw\FakeAVCeleb_v1.2\FakeVideo-FakeAudio\Asian (South)\men\id07179\00206_id07210_wavtolip.mp4,1,FakeVideo-FakeAudio,Asian (South),men,id07179
FakeAVCeleb_v1.2,FakeAVCeleb_v1.2__FakeVideo-FakeAudio__Asian (South)__men__id07179__00206_id07768_mD6x-0ihLOI_id08313_wavtolip.mp4,data\raw\FakeAVCeleb_v1.2\FakeVideo-FakeAudio\Asian (South)\men\id07179\00206_id07768_mD6x-0ihLOI_id08313_wavtolip.mp4,1,FakeVideo-FakeAudio,Asian (South),men,id07179
FakeAVCeleb_v1.2,FakeAVCeleb_v1.2__FakeVideo-FakeAudio__Asian (South)__men__id07179__00206_id08314_66ufcsq8IWA_id00078_wavtolip.mp4,data\raw\FakeAVCeleb_v1.2\FakeVideo-FakeAudio\Asian (South)\men\id07179\00206_id08314_66ufcsq8IWA_id00078_wavtolip.mp4,1,FakeVideo-FakeAudio,Asian (South),men,id07179
FakeAVCeleb_v1.2,FakeAVCeleb_v1.2__FakeVideo-FakeAudio__Asian (South)__men__id07179__00206_id08314_wavtolip.mp4,data\raw\FakeAVCeleb_v1.2\FakeVideo-FakeAudio\Asian (South)\men\id07179\00206_id08314_wavtolip.mp4,1,FakeVideo-FakeAudio,Asian (South),men,id07179
FakeAVCeleb_v1.2,FakeAVCeleb_v1.2__FakeVideo-FakeAudio__Asian (South)__women__id04582__00180_id00043_DxY87QyzDN8_id06439_wavtolip.mp4,data\raw\FakeAVCeleb_v1.2\FakeVideo-FakeAudio\Asian (South)\women\id04582\00180_id00043_DxY87QyzDN8_id06439_wavtolip.mp4,1,FakeVideo-FakeAudio,Asian (South),women,id04582
FakeAVCeleb_v1.2,FakeAVCeleb_v1.2__FakeVideo-FakeAudio__Asian (South)__women__id04582__00180_id00235_F7aHtfdzytQ_id06439_wavtolip.mp4,data\raw\FakeAVCeleb_v1.2\FakeVideo-FakeAudio\Asian (South)\women\id04582\00180_id00235_F7aHtfdzytQ_id06439_wavtolip.mp4,1,FakeVideo-FakeAudio,Asian (South),women,id04582
FakeAVCeleb_v1.2,FakeAVCeleb_v1.2__FakeVideo-FakeAudio__Asian (South)__women__id04582__00180_id00417_GhIZam3v09g_id06439_wavtolip.mp4,data\raw\FakeAVCeleb_v1.2\FakeVideo-FakeAudio\Asian (South)\women\id04582\00180_id00417_GhIZam3v09g_id06439_wavtolip.mp4,1,FakeVideo-FakeAudio,Asian (South),women,id04582
FakeAVCeleb_v1.2,FakeAVCeleb_v1.2__FakeVideo-FakeAudio__Asian (South)__women__id04582__00180_id00417_wavtolip.mp4,data\raw\FakeAVCeleb_v1.2\FakeVideo-FakeAudio\Asian (South)\women\id04582\00180_id00417_wavtolip.mp4,1,FakeVideo-FakeAudio,Asian (South),women,id04582
FakeAVCeleb_v1.2,FakeAVCeleb_v1.2__FakeVideo-FakeAudio__Asian (South)__women__id04582__00180_id00739_wavtolip.mp4,data\raw\FakeAVCeleb_v1.2\FakeVideo-FakeAudio\Asian (South)\women\id04582\00180_id00739_wavtolip.mp4,1,FakeVideo-FakeAudio,Asian (South),women,id04582
FakeAVCeleb_v1.2,FakeAVCeleb_v1.2__FakeVideo-FakeAudio__Asian (South)__women__id04582__00180_id01026_wavtolip.mp4,data\raw\FakeAVCeleb_v1.2\FakeVideo-FakeAudio\Asian (South)\women\id04582\00180_id01026_wavtolip.mp4,1,FakeVideo-FakeAudio,Asian (South),women,id04582
FakeAVCeleb_v1.2,FakeAVCeleb_v1.2__FakeVideo-FakeAudio__Asian (South)__women__id04582__00180_id02089_ZC5FjKDazrM_id06428_wavtolip.mp4,data\raw\FakeAVCeleb_v1.2\FakeVideo-FakeAudio\Asian (South)\women\id04582\00180_id02089_ZC5FjKDazrM_id06428_wavtolip.mp4,1,FakeVideo-FakeAudio,Asian (South),women,id04582
FakeAVCeleb_v1.2,FakeAVCeleb_v1.2__FakeVideo-FakeAudio__Asian (South)__women__id04582__00180_id03559_wavtolip.mp4,data\raw\FakeAVCeleb_v1.2\FakeVideo-FakeAudio\Asian (South)\women\id04582\00180_id03559_wavtolip.mp4,1,FakeVideo-FakeAudio,Asian (South),women,id04582
FakeAVCeleb_v1.2,FakeAVCeleb_v1.2__FakeVideo-FakeAudio__Asian (South)__women__id04582__00180_id04583_wavtolip.mp4,data\raw\FakeAVCeleb_v1.2\FakeVideo-FakeAudio\Asian (South)\women\id04582\00180_id04583_wavtolip.mp4,1,FakeVideo-FakeAudio,Asian (South),women,id04582
FakeAVCeleb_v1.2,FakeAVCeleb_v1.2__FakeVideo-FakeAudio__Asian (South)__women__id04582__00180_id05931_wavtolip.mp4,data\raw\FakeAVCeleb_v1.2\FakeVideo-FakeAudio\Asian (South)\women\id04582\00180_id05931_wavtolip.mp4,1,FakeVideo-FakeAudio,Asian (South),women,id04582
FakeAVCeleb_v1.2,FakeAVCeleb_v1.2__FakeVideo-FakeAudio__Asian (South)__women__id04582__00180_id06254_8VSfI86Fua4_id04564_wavtolip.mp4,data\raw\FakeAVCeleb_v1.2\FakeVideo-FakeAudio\Asian (South)\women\id04582\00180_id06254_8VSfI86Fua4_id04564_wavtolip.mp4,1,FakeVideo-FakeAudio,Asian (South),women,id04582
FakeAVCeleb_v1.2,FakeAVCeleb_v1.2__FakeVideo-FakeAudio__Asian (South)__women__id04582__00180_id06268_wavtolip.mp4,data\raw\FakeAVCeleb_v1.2\FakeVideo-FakeAudio\Asian (South)\women\id04582\00180_id06268_wavtolip.mp4,1,FakeVideo-FakeAudio,Asian (South),women,id04582
FakeAVCeleb_v1.2,FakeAVCeleb_v1.2__FakeVideo-FakeAudio__Asian (South)__women__id04582__00180_id06428_wavtolip.mp4,data\raw\FakeAVCeleb_v1.2\FakeVideo-FakeAudio\Asian (South)\women\id04582\00180_id06428_wavtolip.mp4,1,FakeVideo-FakeAudio,Asian (South),women,id04582
FakeAVCeleb_v1.2,FakeAVCeleb_v1.2__FakeVideo-FakeAudio__Asian (South)__women__id04582__00180_id06445_NWtdqOxEbDY_faceswap_id00461_wavtolip.mp4,data\raw\FakeAVCeleb_v1.2\FakeVideo-FakeAudio\Asian (South)\women\id04582\00180_id06445_NWtdqOxEbDY_faceswap_id00461_wavtolip.mp4,1,FakeVideo-FakeAudio,Asian (South),women,id04582
FakeAVCeleb_v1.2,FakeAVCeleb_v1.2__FakeVideo-FakeAudio__Asian (South)__women__id04582__00180_id06445_NWtdqOxEbDY_faceswap_id02310_wavtolip.mp4,data\raw\FakeAVCeleb_v1.2\FakeVideo-FakeAudio\Asian (South)\women\id04582\00180_id06445_NWtdqOxEbDY_faceswap_id02310_wavtolip.mp4,1,FakeVideo-FakeAudio,Asian (South),women,id04582
FakeAVCeleb_v1.2,FakeAVCeleb_v1.2__FakeVideo-FakeAudio__Asian (South)__women__id04582__00180_id06445_NWtdqOxEbDY_faceswap_id02619_wavtolip.mp4,data\raw\FakeAVCeleb_v1.2\FakeVideo-FakeAudio\Asian (South)\women\id04582\00180_id06445_NWtdqOxEbDY_faceswap_id02619_wavtolip.mp4,1,FakeVideo-FakeAudio,Asian (South),women,id04582
FakeAVCeleb_v1.2,FakeAVCeleb_v1.2__FakeVideo-FakeAudio__Asian (South)__women__id04582__00180_id06445_NWtdqOxEbDY_faceswap_id05478_wavtolip.mp4,data\raw\FakeAVCeleb_v1.2\FakeVideo-FakeAudio\Asian (South)\women\id04582\00180_id06445_NWtdqOxEbDY_faceswap_id05478_wavtolip.mp4,1,FakeVideo-FakeAudio,Asian (South),women,id04582
FakeAVCeleb_v1.2,FakeAVCeleb_v1.2__FakeVideo-FakeAudio__Asian (South)__women__id04582__00180_id06445_NWtdqOxEbDY_faceswap_id07689_wavtolip.mp4,data\raw\FakeAVCeleb_v1.2\FakeVideo-FakeAudio\Asian (South)\women\id04582\00180_id06445_NWtdqOxEbDY_faceswap_id07689_wavtolip.mp4,1,FakeVideo-FakeAudio,Asian (South),women,id04582
FakeAVCeleb_v1.2,FakeAVCeleb_v1.2__FakeVideo-FakeAudio__Asian (South)__women__id04582__00180_id06445_NWtdqOxEbDY_id04530_wavtolip.mp4,data\raw\FakeAVCeleb_v1.2\FakeVideo-FakeAudio\Asian (South)\women\id04582\00180_id06445_NWtdqOxEbDY_id04530_wavtolip.mp4,1,FakeVideo-FakeAudio,Asian (South),women,id04582
FakeAVCeleb_v1.2,FakeAVCeleb_v1.2__FakeVideo-FakeAudio__Asian (South)__women__id04582__00180_id07136_4e43eS5p3_M_id03815_wavtolip.mp4,data\raw\FakeAVCeleb_v1.2\FakeVideo-FakeAudio\Asian (South)\women\id04582\00180_id07136_4e43eS5p3_M_id03815_wavtolip.mp4,1,FakeVideo-FakeAudio,Asian (South),women,id04582
FakeAVCeleb_v1.2,FakeAVCeleb_v1.2__FakeVideo-FakeAudio__Asian (South)__women__id04582__00180_id07236_Fe0sdHw3sc4_id00235_wavtolip.mp4,data\raw\FakeAVCeleb_v1.2\FakeVideo-FakeAudio\Asian (South)\women\id04582\00180_id07236_Fe0sdHw3sc4_id00235_wavtolip.mp4,1,FakeVideo-FakeAudio,Asian (South),women,id04582
FakeAVCeleb_v1.2,FakeAVCeleb_v1.2__FakeVideo-FakeAudio__Asian (South)__women__id04582__00180_id07689_wavtolip.mp4,data\raw\FakeAVCeleb_v1.2\FakeVideo-FakeAudio\Asian (South)\women\id04582\00180_id07689_wavtolip.mp4,1,FakeVideo-FakeAudio,Asian (South),women,id04582
FakeAVCeleb_v1.2,FakeAVCeleb_v1.2__FakeVideo-FakeAudio__Asian (South)__women__id05920__00161_id00461_wavtolip.mp4,data\raw\FakeAVCeleb_v1.2\FakeVideo-FakeAudio\Asian (South)\women\id05920\00161_id00461_wavtolip.mp4,1,FakeVideo-FakeAudio,Asian (South),women,id05920
FakeAVCeleb_v1.2,FakeAVCeleb_v1.2__FakeVideo-FakeAudio__Asian (South)__women__id05920__00161_id00488_wavtolip.mp4,data\raw\FakeAVCeleb_v1.2\FakeVideo-FakeAudio\Asian (South)\women\id05920\00161_id00488_wavtolip.mp4,1,FakeVideo-FakeAudio,Asian (South),women,id05920
FakeAVCeleb_v1.2,FakeAVCeleb_v1.2__FakeVideo-FakeAudio__Asian (South)__women__id05920__00161_id02089_wavtolip.mp4,data\raw\FakeAVCeleb_v1.2\FakeVideo-FakeAudio\Asian (South)\women\id05920\00161_id02089_wavtolip.mp4,1,FakeVideo-FakeAudio,Asian (South),women,id05920
FakeAVCeleb_v1.2,FakeAVCeleb_v1.2__FakeVideo-FakeAudio__Asian (South)__women__id05920__00161_id03559_wavtolip.mp4,data\raw\FakeAVCeleb_v1.2\FakeVideo-FakeAudio\Asian (South)\women\id05920\00161_id03559_wavtolip.mp4,1,FakeVideo-FakeAudio,Asian (South),women,id05920
FakeAVCeleb_v1.2,FakeAVCeleb_v1.2__FakeVideo-FakeAudio__Asian (South)__women__id05920__00161_id04927_8MD618FRyfA_id04070_wavtolip.mp4,data\raw\FakeAVCeleb_v1.2\FakeVideo-FakeAudio\Asian (South)\women\id05920\00161_id04927_8MD618FRyfA_id04070_wavtolip.mp4,1,FakeVideo-FakeAudio,Asian (South),women,id05920
FakeAVCeleb_v1.2,FakeAVCeleb_v1.2__FakeVideo-FakeAudio__Asian (South)__women__id05920__00161_id05478_wavtolip.mp4,data\raw\FakeAVCeleb_v1.2\FakeVideo-FakeAudio\Asian (South)\women\id05920\00161_id05478_wavtolip.mp4,1,FakeVideo-FakeAudio,Asian (South),women,id05920
FakeAVCeleb_v1.2,FakeAVCeleb_v1.2__FakeVideo-FakeAudio__Asian (South)__women__id05920__00161_id05845_XfMHm6CEwPw_faceswap_id00043_wavtolip.mp4,data\raw\FakeAVCeleb_v1.2\FakeVideo-FakeAudio\Asian (South)\women\id05920\00161_id05845_XfMHm6CEwPw_faceswap_id00043_wavtolip.mp4,1,FakeVideo-FakeAudio,Asian (South),women,id05920
FakeAVCeleb_v1.2,FakeAVCeleb_v1.2__FakeVideo-FakeAudio__Asian (South)__women__id05920__00161_id05845_XfMHm6CEwPw_faceswap_id00747_wavtolip.mp4,data\raw\FakeAVCeleb_v1.2\FakeVideo-FakeAudio\Asian (South)\women\id05920\00161_id05845_XfMHm6CEwPw_faceswap_id00747_wavtolip.mp4,1,FakeVideo-FakeAudio,Asian (South),women,id05920
FakeAVCeleb_v1.2,FakeAVCeleb_v1.2__FakeVideo-FakeAudio__Asian (South)__women__id05920__00161_id05845_XfMHm6CEwPw_faceswap_id05845_wavtolip.mp4,data\raw\FakeAVCeleb_v1.2\FakeVideo-FakeAudio\Asian (South)\women\id05920\00161_id05845_XfMHm6CEwPw_faceswap_id05845_wavtolip.mp4,1,FakeVideo-FakeAudio,Asian (South),women,id05920
FakeAVCeleb_v1.2,FakeAVCeleb_v1.2__FakeVideo-FakeAudio__Asian (South)__women__id05920__00161_id05845_XfMHm6CEwPw_faceswap_id06439_wavtolip.mp4,data\raw\FakeAVCeleb_v1.2\FakeVideo-FakeAudio\Asian (South)\women\id05920\00161_id05845_XfMHm6CEwPw_faceswap_id06439_wavtolip.mp4,1,FakeVideo-FakeAudio,Asian (South),women,id05920
FakeAVCeleb_v1.2,FakeAVCeleb_v1.2__FakeVideo-FakeAudio__Asian (South)__women__id05920__00161_id05845_XfMHm6CEwPw_faceswap_id06752_wavtolip.mp4,data\raw\FakeAVCeleb_v1.2\FakeVideo-FakeAudio\Asian (South)\women\id05920\00161_id05845_XfMHm6CEwPw_faceswap_id06752_wavtolip.mp4,1,FakeVideo-FakeAudio,Asian (South),women,id05920
FakeAVCeleb_v1.2,FakeAVCeleb_v1.2__FakeVideo-FakeAudio__Asian (South)__women__id05920__00161_id05845_XfMHm6CEwPw_id04070_wavtolip.mp4,data\raw\FakeAVCeleb_v1.2\FakeVideo-FakeAudio\Asian (South)\women\id05920\00161_id05845_XfMHm6CEwPw_id04070_wavtolip.mp4,1,FakeVideo-FakeAudio,Asian (South),women,id05920
FakeAVCeleb_v1.2,FakeAVCeleb_v1.2__FakeVideo-FakeAudio__Asian (South)__women__id05920__00161_id05931_bFqu86NV3hk_id07051_wavtolip.mp4,data\raw\FakeAVCeleb_v1.2\FakeVideo-FakeAudio\Asian (South)\women\id05920\00161_id05931_bFqu86NV3hk_id07051_wavtolip.mp4,1,FakeVideo-FakeAudio,Asian (South),women,id05920
FakeAVCeleb_v1.2,FakeAVCeleb_v1.2__FakeVideo-FakeAudio__Asian (South)__women__id05920__00161_id06428_A9nvRKd1afA_id00739_wavtolip.mp4,data\raw\FakeAVCeleb_v1.2\FakeVideo-FakeAudio\Asian (South)\women\id05920\00161_id06428_A9nvRKd1afA_id00739_wavtolip.mp4,1,FakeVideo-FakeAudio,Asian (South),women,id05920
FakeAVCeleb_v1.2,FakeAVCeleb_v1.2__FakeVideo-FakeAudio__Asian (South)__women__id05920__00161_id06437_wavtolip.mp4,data\raw\FakeAVCeleb_v1.2\FakeVideo-FakeAudio\Asian (South)\women\id05920\00161_id06437_wavtolip.mp4,1,FakeVideo-FakeAudio,Asian (South),women,id05920
FakeAVCeleb_v1.2,FakeAVCeleb_v1.2__FakeVideo-FakeAudio__Asian (South)__women__id05920__00161_id06438_wavtolip.mp4,data\raw\FakeAVCeleb_v1.2\FakeVideo-FakeAudio\Asian (South)\women\id05920\00161_id06438_wavtolip.mp4,1,FakeVideo-FakeAudio,Asian (South),women,id05920
FakeAVCeleb_v1.2,FakeAVCeleb_v1.2__FakeVideo-FakeAudio__Asian (South)__women__id05920__00161_id07008_wavtolip.mp4,data\raw\FakeAVCeleb_v1.2\FakeVideo-FakeAudio\Asian (South)\women\id05920\00161_id07008_wavtolip.mp4,1,FakeVideo-FakeAudio,Asian (South),women,id05920
FakeAVCeleb_v1.2,FakeAVCeleb_v1.2__FakeVideo-FakeAudio__Asian (South)__women__id05920__00161_id07049_BiljgZcyWI4_id07689_wavtolip.mp4,data\raw\FakeAVCeleb_v1.2\FakeVideo-FakeAudio\Asian (South)\women\id05920\00161_id07049_BiljgZcyWI4_id07689_wavtolip.mp4,1,FakeVideo-FakeAudio,Asian (South),women,id05920
FakeAVCeleb_v1.2,FakeAVCeleb_v1.2__FakeVideo-FakeAudio__Asian (South)__women__id05920__00161_id07049_wavtolip.mp4,data\raw\FakeAVCeleb_v1.2\FakeVideo-FakeAudio\Asian (South)\women\id05920\00161_id07049_wavtolip.mp4,1,FakeVideo-FakeAudio,Asian (South),women,id05920
FakeAVCeleb_v1.2,FakeAVCeleb_v1.2__FakeVideo-FakeAudio__Asian (South)__women__id05920__00161_id07078_sLVbTD3Dtgw_id06232_wavtolip.mp4,data\raw\FakeAVCeleb_v1.2\FakeVideo-FakeAudio\Asian (South)\women\id05920\00161_id07078_sLVbTD3Dtgw_id06232_wavtolip.mp4,1,FakeVideo-FakeAudio,Asian (South),women,id05920
FakeAVCeleb_v1.2,FakeAVCeleb_v1.2__FakeVideo-FakeAudio__Asian (South)__women__id05920__00161_id07377_FGNavKcGANA_id06343_wavtolip.mp4,data\raw\FakeAVCeleb_v1.2\FakeVideo-FakeAudio\Asian (South)\women\id05920\00161_id07377_FGNavKcGANA_id06343_wavtolip.mp4,1,FakeVideo-FakeAudio,Asian (South),women,id05920
FakeAVCeleb_v1.2,FakeAVCeleb_v1.2__FakeVideo-FakeAudio__Asian (South)__women__id05920__00161_id07689_2ie0g83JkgA_id00747_wavtolip.mp4,data\raw\FakeAVCeleb_v1.2\FakeVideo-FakeAudio\Asian (South)\women\id05920\00161_id07689_2ie0g83JkgA_id00747_wavtolip.mp4,1,FakeVideo-FakeAudio,Asian (South),women,id05920
FakeAVCeleb_v1.2,FakeAVCeleb_v1.2__FakeVideo-FakeAudio__Caucasian (American)__men__id00060__00307_id00029_wavtolip.mp4,data\raw\FakeAVCeleb_v1.2\FakeVideo-FakeAudio\Caucasian (American)\men\id00060\00307_id00029_wavtolip.mp4,1,FakeVideo-FakeAudio,Caucasian (American),men,id00060
FakeAVCeleb_v1.2,FakeAVCeleb_v1.2__FakeVideo-FakeAudio__Caucasian (American)__men__id00060__00307_id00052_NK_leX996Yk_id00943_wavtolip.mp4,data\raw\FakeAVCeleb_v1.2\FakeVideo-FakeAudio\Caucasian (American)\men\id00060\00307_id00052_NK_leX996Yk_id00943_wavtolip.mp4,1,FakeVideo-FakeAudio,Caucasian (American),men,id00060
FakeAVCeleb_v1.2,FakeAVCeleb_v1.2__FakeVideo-FakeAudio__Caucasian (American)__men__id00060__00307_id00088_6WIDWxr8vuU_id00264_wavtolip.mp4,data\raw\FakeAVCeleb_v1.2\FakeVideo-FakeAudio\Caucasian (American)\men\id00060\00307_id00088_6WIDWxr8vuU_id00264_wavtolip.mp4,1,FakeVideo-FakeAudio,Caucasian (American),men,id00060
FakeAVCeleb_v1.2,FakeAVCeleb_v1.2__FakeVideo-FakeAudio__Caucasian (American)__men__id00060__00307_id00169_wavtolip.mp4,data\raw\FakeAVCeleb_v1.2\FakeVideo-FakeAudio\Caucasian (American)\men\id00060\00307_id00169_wavtolip.mp4,1,FakeVideo-FakeAudio,Caucasian (American),men,id00060
FakeAVCeleb_v1.2,FakeAVCeleb_v1.2__FakeVideo-FakeAudio__Caucasian (American)__men__id00060__00307_id00179_Ux9OYyipQi8_id01201_wavtolip.mp4,data\raw\FakeAVCeleb_v1.2\FakeVideo-FakeAudio\Caucasian (American)\men\id00060\00307_id00179_Ux9OYyipQi8_id01201_wavtolip.mp4,1,FakeVideo-FakeAudio,Caucasian (American),men,id00060
FakeAVCeleb_v1.2,FakeAVCeleb_v1.2__FakeVideo-FakeAudio__Caucasian (American)__men__id00060__00307_id00179_wavtolip.mp4,data\raw\FakeAVCeleb_v1.2\FakeVideo-FakeAudio\Caucasian (American)\men\id00060\00307_id00179_wavtolip.mp4,1,FakeVideo-FakeAudio,Caucasian (American),men,id00060
FakeAVCeleb_v1.2,FakeAVCeleb_v1.2__FakeVideo-FakeAudio__Caucasian (American)__men__id00060__00307_id00184_wavtolip.mp4,data\raw\FakeAVCeleb_v1.2\FakeVideo-FakeAudio\Caucasian (American)\men\id00060\00307_id00184_wavtolip.mp4,1,FakeVideo-FakeAudio,Caucasian (American),men,id00060
FakeAVCeleb_v1.2,FakeAVCeleb_v1.2__FakeVideo-FakeAudio__Caucasian (American)__men__id00060__00307_id00243_oWwEIXM3oZQ_id01042_wavtolip.mp4,data\raw\FakeAVCeleb_v1.2\FakeVideo-FakeAudio\Caucasian (American)\men\id00060\00307_id00243_oWwEIXM3oZQ_id01042_wavtolip.mp4,1,FakeVideo-FakeAudio,Caucasian (American),men,id00060
FakeAVCeleb_v1.2,FakeAVCeleb_v1.2__FakeVideo-FakeAudio__Caucasian (American)__men__id00060__00307_id00243_wavtolip.mp4,data\raw\FakeAVCeleb_v1.2\FakeVideo-FakeAudio\Caucasian (American)\men\id00060\00307_id00243_wavtolip.mp4,1,FakeVideo-FakeAudio,Caucasian (American),men,id00060
FakeAVCeleb_v1.2,FakeAVCeleb_v1.2__FakeVideo-FakeAudio__Caucasian (American)__men__id00060__00307_id00529_wavtolip.mp4,data\raw\FakeAVCeleb_v1.2\FakeVideo-FakeAudio\Caucasian (American)\men\id00060\00307_id00529_wavtolip.mp4,1,FakeVideo-FakeAudio,Caucasian (American),men,id00060
FakeAVCeleb_v1.2,FakeAVCeleb_v1.2__FakeVideo-FakeAudio__Caucasian (American)__men__id00060__00307_id00529_xtx2GeQN-DQ_id01210_wavtolip.mp4,data\raw\FakeAVCeleb_v1.2\FakeVideo-FakeAudio\Caucasian (American)\men\id00060\00307_id00529_xtx2GeQN-DQ_id01210_wavtolip.mp4,1,FakeVideo-FakeAudio,Caucasian (American),men,id00060
FakeAVCeleb_v1.2,FakeAVCeleb_v1.2__FakeVideo-FakeAudio__Caucasian (American)__men__id00060__00307_id00696_7PrURACjhqU_id00775_wavtolip.mp4,data\raw\FakeAVCeleb_v1.2\FakeVideo-FakeAudio\Caucasian (American)\men\id00060\00307_id00696_7PrURACjhqU_id00775_wavtolip.mp4,1,FakeVideo-FakeAudio,Caucasian (American),men,id00060
FakeAVCeleb_v1.2,FakeAVCeleb_v1.2__FakeVideo-FakeAudio__Caucasian (American)__men__id00060__00307_id00777_wavtolip.mp4,data\raw\FakeAVCeleb_v1.2\FakeVideo-FakeAudio\Caucasian (American)\men\id00060\00307_id00777_wavtolip.mp4,1,FakeVideo-FakeAudio,Caucasian (American),men,id00060
FakeAVCeleb_v1.2,FakeAVCeleb_v1.2__FakeVideo-FakeAudio__Caucasian (American)__men__id00060__00307_id01035_6EWG3Ywu3jg_id00777_wavtolip.mp4,data\raw\FakeAVCeleb_v1.2\FakeVideo-FakeAudio\Caucasian (American)\men\id00060\00307_id01035_6EWG3Ywu3jg_id00777_wavtolip.mp4,1,FakeVideo-FakeAudio,Caucasian (American),men,id00060
FakeAVCeleb_v1.2,FakeAVCeleb_v1.2__FakeVideo-FakeAudio__Caucasian (American)__men__id00060__00307_id01163_QSMeUEH3lJM_id04034_wavtolip.mp4,data\raw\FakeAVCeleb_v1.2\FakeVideo-FakeAudio\Caucasian (American)\men\id00060\00307_id01163_QSMeUEH3lJM_id04034_wavtolip.mp4,1,FakeVideo-FakeAudio,Caucasian (American),men,id00060
FakeAVCeleb_v1.2,FakeAVCeleb_v1.2__FakeVideo-FakeAudio__Caucasian (American)__men__id00060__00307_id04034_wavtolip.mp4,data\raw\FakeAVCeleb_v1.2\FakeVideo-FakeAudio\Caucasian (American)\men\id00060\00307_id04034_wavtolip.mp4,1,FakeVideo-FakeAudio,Caucasian (American),men,id00060
FakeAVCeleb_v1.2,FakeAVCeleb_v1.2__FakeVideo-FakeAudio__Caucasian (American)__men__id00060__00307_id04073_KT7B07WFWyM_id04034_wavtolip.mp4,data\raw\FakeAVCeleb_v1.2\FakeVideo-FakeAudio\Caucasian (American)\men\id00060\00307_id04073_KT7B07WFWyM_id04034_wavtolip.mp4,1,FakeVideo-FakeAudio,Caucasian (American),men,id00060
FakeAVCeleb_v1.2,FakeAVCeleb_v1.2__FakeVideo-FakeAudio__Caucasian (American)__men__id00060__00307_id04073_wavtolip.mp4,data\raw\FakeAVCeleb_v1.2\FakeVideo-FakeAudio\Caucasian (American)\men\id00060\00307_id04073_wavtolip.mp4,1,FakeVideo-FakeAudio,Caucasian (American),men,id00060
FakeAVCeleb_v1.2,FakeAVCeleb_v1.2__FakeVideo-FakeAudio__Caucasian (American)__men__id00060__00307_id04219_wavtolip.mp4,data\raw\FakeAVCeleb_v1.2\FakeVideo-FakeAudio\Caucasian (American)\men\id00060\00307_id04219_wavtolip.mp4,1,FakeVideo-FakeAudio,Caucasian (American),men,id00060
FakeAVCeleb_v1.2,FakeAVCeleb_v1.2__FakeVideo-FakeAudio__Caucasian (American)__men__id00264__00257_0_id00018_wavtolip.mp4,data\raw\FakeAVCeleb_v1.2\FakeVideo-FakeAudio\Caucasian (American)\men\id00264\00257_0_id00018_wavtolip.mp4,1,FakeVideo-FakeAudio,Caucasian (American),men,id00264
FakeAVCeleb_v1.2,FakeAVCeleb_v1.2__FakeVideo-FakeAudio__Caucasian (American)__men__id00264__00257_0_id00943_wavtolip.mp4,data\raw\FakeAVCeleb_v1.2\FakeVideo-FakeAudio\Caucasian (American)\men\id00264\00257_0_id00943_wavtolip.mp4,1,FakeVideo-FakeAudio,Caucasian (American),men,id00264
FakeAVCeleb_v1.2,FakeAVCeleb_v1.2__FakeVideo-FakeAudio__Caucasian (American)__men__id00264__00257_0_id01096_wavtolip.mp4,data\raw\FakeAVCeleb_v1.2\FakeVideo-FakeAudio\Caucasian (American)\men\id00264\00257_0_id01096_wavtolip.mp4,1,FakeVideo-FakeAudio,Caucasian (American),men,id00264
FakeAVCeleb_v1.2,FakeAVCeleb_v1.2__FakeVideo-FakeAudio__Caucasian (American)__men__id00264__00257_0_id01182_wavtolip.mp4,data\raw\FakeAVCeleb_v1.2\FakeVideo-FakeAudio\Caucasian (American)\men\id00264\00257_0_id01182_wavtolip.mp4,1,FakeVideo-FakeAudio,Caucasian (American),men,id00264
FakeAVCeleb_v1.2,FakeAVCeleb_v1.2__FakeVideo-FakeAudio__Caucasian (American)__men__id00264__00257_0_id03678_wavtolip.mp4,data\raw\FakeAVCeleb_v1.2\FakeVideo-FakeAudio\Caucasian (American)\men\id00264\00257_0_id03678_wavtolip.mp4,1,FakeVideo-FakeAudio,Caucasian (American),men,id00264
FakeAVCeleb_v1.2,FakeAVCeleb_v1.2__FakeVideo-FakeAudio__Caucasian (American)__men__id00264__00257_1_id00169_wavtolip.mp4,data\raw\FakeAVCeleb_v1.2\FakeVideo-FakeAudio\Caucasian (American)\men\id00264\00257_1_id00169_wavtolip.mp4,1,FakeVideo-FakeAudio,Caucasian (American),men,id00264
FakeAVCeleb_v1.2,FakeAVCeleb_v1.2__FakeVideo-FakeAudio__Caucasian (American)__men__id00264__00257_1_id00243_wavtolip.mp4,data\raw\FakeAVCeleb_v1.2\FakeVideo-FakeAudio\Caucasian (American)\men\id00264\00257_1_id00243_wavtolip.mp4,1,FakeVideo-FakeAudio,Caucasian (American),men,id00264
FakeAVCeleb_v1.2,FakeAVCeleb_v1.2__FakeVideo-FakeAudio__Caucasian (American)__men__id00264__00257_1_id00943_wavtolip.mp4,data\raw\FakeAVCeleb_v1.2\FakeVideo-FakeAudio\Caucasian (American)\men\id00264\00257_1_id00943_wavtolip.mp4,1,FakeVideo-FakeAudio,Caucasian (American),men,id00264
FakeAVCeleb_v1.2,FakeAVCeleb_v1.2__FakeVideo-FakeAudio__Caucasian (American)__men__id00264__00257_1_id01048_wavtolip.mp4,data\raw\FakeAVCeleb_v1.2\FakeVideo-FakeAudio\Caucasian (American)\men\id00264\00257_1_id01048_wavtolip.mp4,1,FakeVideo-FakeAudio,Caucasian (American),men,id00264
FakeAVCeleb_v1.2,FakeAVCeleb_v1.2__FakeVideo-FakeAudio__Caucasian (American)__men__id00264__00257_1_id01163_wavtolip.mp4,data\raw\FakeAVCeleb_v1.2\FakeVideo-FakeAudio\Caucasian (American)\men\id00264\00257_1_id01163_wavtolip.mp4,1,FakeVideo-FakeAudio,Caucasian (American),men,id00264
FakeAVCeleb_v1.2,FakeAVCeleb_v1.2__FakeVideo-FakeAudio__Caucasian (American)__men__id00264__00257_2_id00021_wavtolip.mp4,data\raw\FakeAVCeleb_v1.2\FakeVideo-FakeAudio\Caucasian (American)\men\id00264\00257_2_id00021_wavtolip.mp4,1,FakeVideo-FakeAudio,Caucasian (American),men,id00264
FakeAVCeleb_v1.2,FakeAVCeleb_v1.2__FakeVideo-FakeAudio__Caucasian (American)__men__id00264__00257_2_id01124_wavtolip.mp4,data\raw\FakeAVCeleb_v1.2\FakeVideo-FakeAudio\Caucasian (American)\men\id00264\00257_2_id01124_wavtolip.mp4,1,FakeVideo-FakeAudio,Caucasian (American),men,id00264
FakeAVCeleb_v1.2,FakeAVCeleb_v1.2__FakeVideo-FakeAudio__Caucasian (American)__men__id00264__00257_2_id01172_wavtolip.mp4,data\raw\FakeAVCeleb_v1.2\FakeVideo-FakeAudio\Caucasian (American)\men\id00264\00257_2_id01172_wavtolip.mp4,1,FakeVideo-FakeAudio,Caucasian (American),men,id00264
FakeAVCeleb_v1.2,FakeAVCeleb_v1.2__FakeVideo-FakeAudio__Caucasian (American)__men__id00264__00257_2_id01210_wavtolip.mp4,data\raw\FakeAVCeleb_v1.2\FakeVideo-FakeAudio\Caucasian (American)\men\id00264\00257_2_id01210_wavtolip.mp4,1,FakeVideo-FakeAudio,Caucasian (American),men,id00264
FakeAVCeleb_v1.2,FakeAVCeleb_v1.2__FakeVideo-FakeAudio__Caucasian (American)__men__id00264__00257_2_id04221_wavtolip.mp4,data\raw\FakeAVCeleb_v1.2\FakeVideo-FakeAudio\Caucasian (American)\men\id00264\00257_2_id04221_wavtolip.mp4,1,FakeVideo-FakeAudio,Caucasian (American),men,id00264
FakeAVCeleb_v1.2,FakeAVCeleb_v1.2__FakeVideo-FakeAudio__Caucasian (American)__men__id00264__00257_3_id00021_wavtolip.mp4,data\raw\FakeAVCeleb_v1.2\FakeVideo-FakeAudio\Caucasian (American)\men\id00264\00257_3_id00021_wavtolip.mp4,1,FakeVideo-FakeAudio,Caucasian (American),men,id00264
FakeAVCeleb_v1.2,FakeAVCeleb_v1.2__FakeVideo-FakeAudio__Caucasian (American)__men__id00264__00257_3_id00060_wavtolip.mp4,data\raw\FakeAVCeleb_v1.2\FakeVideo-FakeAudio\Caucasian (American)\men\id00264\00257_3_id00060_wavtolip.mp4,1,FakeVideo-FakeAudio,Caucasian (American),men,id00264
FakeAVCeleb_v1.2,FakeAVCeleb_v1.2__FakeVideo-FakeAudio__Caucasian (American)__men__id00264__00257_3_id00062_wavtolip.mp4,data\raw\FakeAVCeleb_v1.2\FakeVideo-FakeAudio\Caucasian (American)\men\id00264\00257_3_id00062_wavtolip.mp4,1,FakeVideo-FakeAudio,Caucasian (American),men,id00264
FakeAVCeleb_v1.2,FakeAVCeleb_v1.2__FakeVideo-FakeAudio__Caucasian (American)__men__id00264__00257_3_id00777_wavtolip.mp4,data\raw\FakeAVCeleb_v1.2\FakeVideo-FakeAudio\Caucasian (American)\men\id00264\00257_3_id00777_wavtolip.mp4,1,FakeVideo-FakeAudio,Caucasian (American),men,id00264
FakeAVCeleb_v1.2,FakeAVCeleb_v1.2__FakeVideo-FakeAudio__Caucasian (American)__men__id00264__00257_3_id03678_wavtolip.mp4,data\raw\FakeAVCeleb_v1.2\FakeVideo-FakeAudio\Caucasian (American)\men\id00264\00257_3_id03678_wavtolip.mp4,1,FakeVideo-FakeAudio,Caucasian (American),men,id00264
FakeAVCeleb_v1.2,FakeAVCeleb_v1.2__FakeVideo-FakeAudio__Caucasian (American)__men__id00264__00257_id00018_sap-FjURHlc_id00169_wavtolip.mp4,data\raw\FakeAVCeleb_v1.2\FakeVideo-FakeAudio\Caucasian (American)\men\id00264\00257_id00018_sap-FjURHlc_id00169_wavtolip.mp4,1,FakeVideo-FakeAudio,Caucasian (American),men,id00264
FakeAVCeleb_v1.2,FakeAVCeleb_v1.2__FakeVideo-FakeAudio__Caucasian (American)__men__id00264__00257_id00018_wavtolip.mp4,data\raw\FakeAVCeleb_v1.2\FakeVideo-FakeAudio\Caucasian (American)\men\id00264\00257_id00018_wavtolip.mp4,1,FakeVideo-FakeAudio,Caucasian (American),men,id00264
FakeAVCeleb_v1.2,FakeAVCeleb_v1.2__FakeVideo-FakeAudio__Caucasian (American)__men__id00264__00257_id00021_wavtolip.mp4,data\raw\FakeAVCeleb_v1.2\FakeVideo-FakeAudio\Caucasian (American)\men\id00264\00257_id00021_wavtolip.mp4,1,FakeVideo-FakeAudio,Caucasian (American),men,id00264
FakeAVCeleb_v1.2,FakeAVCeleb_v1.2__FakeVideo-FakeAudio__Caucasian (American)__men__id00264__00257_id00049_S_EHTUF-mQY_id00179_wavtolip.mp4,data\raw\FakeAVCeleb_v1.2\FakeVideo-FakeAudio\Caucasian (American)\men\id00264\00257_id00049_S_EHTUF-mQY_id00179_wavtolip.mp4,1,FakeVideo-FakeAudio,Caucasian (American),men,id00264
FakeAVCeleb_v1.2,FakeAVCeleb_v1.2__FakeVideo-FakeAudio__Caucasian (American)__men__id00264__00257_id00052_NK_leX996Yk_id01210_wavtolip.mp4,data\raw\FakeAVCeleb_v1.2\FakeVideo-FakeAudio\Caucasian (American)\men\id00264\00257_id00052_NK_leX996Yk_id01210_wavtolip.mp4,1,FakeVideo-FakeAudio,Caucasian (American),men,id00264
FakeAVCeleb_v1.2,FakeAVCeleb_v1.2__FakeVideo-FakeAudio__Caucasian (American)__men__id00264__00257_id00052_wavtolip.mp4,data\raw\FakeAVCeleb_v1.2\FakeVideo-FakeAudio\Caucasian (American)\men\id00264\00257_id00052_wavtolip.mp4,1,FakeVideo-FakeAudio,Caucasian (American),men,id00264
FakeAVCeleb_v1.2,FakeAVCeleb_v1.2__FakeVideo-FakeAudio__Caucasian (American)__men__id00264__00257_id00169_wavtolip.mp4,data\raw\FakeAVCeleb_v1.2\FakeVideo-FakeAudio\Caucasian (American)\men\id00264\00257_id00169_wavtolip.mp4,1,FakeVideo-FakeAudio,Caucasian (American),men,id00264
FakeAVCeleb_v1.2,FakeAVCeleb_v1.2__FakeVideo-FakeAudio__Caucasian (American)__men__id00264__00257_id00184_wavtolip.mp4,data\raw\FakeAVCeleb_v1.2\FakeVideo-FakeAudio\Caucasian (American)\men\id00264\00257_id00184_wavtolip.mp4,1,FakeVideo-FakeAudio,Caucasian (American),men,id00264
FakeAVCeleb_v1.2,FakeAVCeleb_v1.2__FakeVideo-FakeAudio__Caucasian (American)__men__id00264__00257_id00243_wavtolip.mp4,data\raw\FakeAVCeleb_v1.2\FakeVideo-FakeAudio\Caucasian (American)\men\id00264\00257_id00243_wavtolip.mp4,1,FakeVideo-FakeAudio,Caucasian (American),men,id00264
FakeAVCeleb_v1.2,FakeAVCeleb_v1.2__FakeVideo-FakeAudio__Caucasian (American)__men__id00264__00257_id00345_wavtolip.mp4,data\raw\FakeAVCeleb_v1.2\FakeVideo-FakeAudio\Caucasian (American)\men\id00264\00257_id00345_wavtolip.mp4,1,FakeVideo-FakeAudio,Caucasian (American),men,id00264
FakeAVCeleb_v1.2,FakeAVCeleb_v1.2__FakeVideo-FakeAudio__Caucasian (American)__men__id00264__00257_id00529_xtx2GeQN-DQ_id01124_wavtolip.mp4,data\raw\FakeAVCeleb_v1.2\FakeVideo-FakeAudio\Caucasian (American)\men\id00264\00257_id00529_xtx2GeQN-DQ_id01124_wavtolip.mp4,1,FakeVideo-FakeAudio,Caucasian (American),men,id00264
FakeAVCeleb_v1.2,FakeAVCeleb_v1.2__FakeVideo-FakeAudio__Caucasian (American)__men__id00264__00257_id00696_7PrURACjhqU_id01210_wavtolip.mp4,data\raw\FakeAVCeleb_v1.2\FakeVideo-FakeAudio\Caucasian (American)\men\id00264\00257_id00696_7PrURACjhqU_id01210_wavtolip.mp4,1,FakeVideo-FakeAudio,Caucasian (American),men,id00264
FakeAVCeleb_v1.2,FakeAVCeleb_v1.2__FakeVideo-FakeAudio__Caucasian (American)__men__id00264__00257_id00945_V-rSeF8o5pc_id01210_wavtolip.mp4,data\raw\FakeAVCeleb_v1.2\FakeVideo-FakeAudio\Caucasian (American)\men\id00264\00257_id00945_V-rSeF8o5pc_id01210_wavtolip.mp4,1,FakeVideo-FakeAudio,Caucasian (American),men,id00264
FakeAVCeleb_v1.2,FakeAVCeleb_v1.2__FakeVideo-FakeAudio__Caucasian (American)__men__id00264__00257_id00945_wavtolip.mp4,data\raw\FakeAVCeleb_v1.2\FakeVideo-FakeAudio\Caucasian (American)\men\id00264\00257_id00945_wavtolip.mp4,1,FakeVideo-FakeAudio,Caucasian (American),men,id00264
FakeAVCeleb_v1.2,FakeAVCeleb_v1.2__FakeVideo-FakeAudio__Caucasian (American)__men__id00264__00257_id00971_wavtolip.mp4,data\raw\FakeAVCeleb_v1.2\FakeVideo-FakeAudio\Caucasian (American)\men\id00264\00257_id00971_wavtolip.mp4,1,FakeVideo-FakeAudio,Caucasian (American),men,id00264
FakeAVCeleb_v1.2,FakeAVCeleb_v1.2__FakeVideo-FakeAudio__Caucasian (American)__men__id00264__00257_id01182_zca-PHR_U40_id04034_wavtolip.mp4,data\raw\FakeAVCeleb_v1.2\FakeVideo-FakeAudio\Caucasian (American)\men\id00264\00257_id01182_zca-PHR_U40_id04034_wavtolip.mp4,1,FakeVideo-FakeAudio,Caucasian (American),men,id00264
FakeAVCeleb_v1.2,FakeAVCeleb_v1.2__FakeVideo-FakeAudio__Caucasian (American)__men__id00264__00257_id01201_Q8XWfmNiWYA_id00020_wavtolip.mp4,data\raw\FakeAVCeleb_v1.2\FakeVideo-FakeAudio\Caucasian (American)\men\id00264\00257_id01201_Q8XWfmNiWYA_id00020_wavtolip.mp4,1,FakeVideo-FakeAudio,Caucasian (American),men,id00264
FakeAVCeleb_v1.2,FakeAVCeleb_v1.2__FakeVideo-FakeAudio__Caucasian (American)__men__id00264__00257_id03678_wavtolip.mp4,data\raw\FakeAVCeleb_v1.2\FakeVideo-FakeAudio\Caucasian (American)\men\id00264\00257_id03678_wavtolip.mp4,1,FakeVideo-FakeAudio,Caucasian (American),men,id00264
FakeAVCeleb_v1.2,FakeAVCeleb_v1.2__FakeVideo-FakeAudio__Caucasian (American)__men__id00264__00257_id03757_L-M-XbdFLQM_id00943_wavtolip.mp4,data\raw\FakeAVCeleb_v1.2\FakeVideo-FakeAudio\Caucasian (American)\men\id00264\00257_id03757_L-M-XbdFLQM_id00943_wavtolip.mp4,1,FakeVideo-FakeAudio,Caucasian (American),men,id00264
FakeAVCeleb_v1.2,FakeAVCeleb_v1.2__FakeVideo-FakeAudio__Caucasian (American)__men__id00264__00257_id04073_KT7B07WFWyM_id00062_wavtolip.mp4,data\raw\FakeAVCeleb_v1.2\FakeVideo-FakeAudio\Caucasian (American)\men\id00264\00257_id04073_KT7B07WFWyM_id00062_wavtolip.mp4,1,FakeVideo-FakeAudio,Caucasian (American),men,id00264
FakeAVCeleb_v1.2,FakeAVCeleb_v1.2__FakeVideo-FakeAudio__Caucasian (American)__men__id01192__00217_id00029_wavtolip.mp4,data\raw\FakeAVCeleb_v1.2\FakeVideo-FakeAudio\Caucasian (American)\men\id01192\00217_id00029_wavtolip.mp4,1,FakeVideo-FakeAudio,Caucasian (American),men,id01192
FakeAVCeleb_v1.2,FakeAVCeleb_v1.2__FakeVideo-FakeAudio__Caucasian (American)__men__id01192__00217_id00052_wavtolip.mp4,data\raw\FakeAVCeleb_v1.2\FakeVideo-FakeAudio\Caucasian (American)\men\id01192\00217_id00052_wavtolip.mp4,1,FakeVideo-FakeAudio,Caucasian (American),men,id01192
FakeAVCeleb_v1.2,FakeAVCeleb_v1.2__FakeVideo-FakeAudio__Caucasian (American)__men__id01192__00217_id00062_bctnrIvZHTs_id04216_wavtolip.mp4,data\raw\FakeAVCeleb_v1.2\FakeVideo-FakeAudio\Caucasian (American)\men\id01192\00217_id00062_bctnrIvZHTs_id04216_wavtolip.mp4,1,FakeVideo-FakeAudio,Caucasian (American),men,id01192
FakeAVCeleb_v1.2,FakeAVCeleb_v1.2__FakeVideo-FakeAudio__Caucasian (American)__men__id01192__00217_id00087_wavtolip.mp4,data\raw\FakeAVCeleb_v1.2\FakeVideo-FakeAudio\Caucasian (American)\men\id01192\00217_id00087_wavtolip.mp4,1,FakeVideo-FakeAudio,Caucasian (American),men,id01192
FakeAVCeleb_v1.2,FakeAVCeleb_v1.2__FakeVideo-FakeAudio__Caucasian (American)__men__id01192__00217_id00088_wavtolip.mp4,data\raw\FakeAVCeleb_v1.2\FakeVideo-FakeAudio\Caucasian (American)\men\id01192\00217_id00088_wavtolip.mp4,1,FakeVideo-FakeAudio,Caucasian (American),men,id01192
FakeAVCeleb_v1.2,FakeAVCeleb_v1.2__FakeVideo-FakeAudio__Caucasian (American)__men__id01192__00217_id00169_wavtolip.mp4,data\raw\FakeAVCeleb_v1.2\FakeVideo-FakeAudio\Caucasian (American)\men\id01192\00217_id00169_wavtolip.mp4,1,FakeVideo-FakeAudio,Caucasian (American),men,id01192
FakeAVCeleb_v1.2,FakeAVCeleb_v1.2__FakeVideo-FakeAudio__Caucasian (American)__men__id01192__00217_id00169__V1xAwwG29U_id00345_wavtolip.mp4,data\raw\FakeAVCeleb_v1.2\FakeVideo-FakeAudio\Caucasian (American)\men\id01192\00217_id00169__V1xAwwG29U_id00345_wavtolip.mp4,1,FakeVideo-FakeAudio,Caucasian (American),men,id01192
FakeAVCeleb_v1.2,FakeAVCeleb_v1.2__FakeVideo-FakeAudio__Caucasian (American)__men__id01192__00217_id00775_wavtolip.mp4,data\raw\FakeAVCeleb_v1.2\FakeVideo-FakeAudio\Caucasian (American)\men\id01192\00217_id00775_wavtolip.mp4,1,FakeVideo-FakeAudio,Caucasian (American),men,id01192
FakeAVCeleb_v1.2,FakeAVCeleb_v1.2__FakeVideo-FakeAudio__Caucasian (American)__men__id01192__00217_id00775_yeCUxHgUHxc_id01201_wavtolip.mp4,data\raw\FakeAVCeleb_v1.2\FakeVideo-FakeAudio\Caucasian (American)\men\id01192\00217_id00775_yeCUxHgUHxc_id01201_wavtolip.mp4,1,FakeVideo-FakeAudio,Caucasian (American),men,id01192
FakeAVCeleb_v1.2,FakeAVCeleb_v1.2__FakeVideo-FakeAudio__Caucasian (American)__men__id01192__00217_id00943_wavtolip.mp4,data\raw\FakeAVCeleb_v1.2\FakeVideo-FakeAudio\Caucasian (American)\men\id01192\00217_id00943_wavtolip.mp4,1,FakeVideo-FakeAudio,Caucasian (American),men,id01192
FakeAVCeleb_v1.2,FakeAVCeleb_v1.2__FakeVideo-FakeAudio__Caucasian (American)__men__id01192__00217_id01035_wavtolip.mp4,data\raw\FakeAVCeleb_v1.2\FakeVideo-FakeAudio\Caucasian (American)\men\id01192\00217_id01035_wavtolip.mp4,1,FakeVideo-FakeAudio,Caucasian (American),men,id01192
FakeAVCeleb_v1.2,FakeAVCeleb_v1.2__FakeVideo-FakeAudio__Caucasian (American)__men__id01192__00217_id01042_afqWPqWwJIY_id00529_wavtolip.mp4,data\raw\FakeAVCeleb_v1.2\FakeVideo-FakeAudio\Caucasian (American)\men\id01192\00217_id01042_afqWPqWwJIY_id00529_wavtolip.mp4,1,FakeVideo-FakeAudio,Caucasian (American),men,id01192
FakeAVCeleb_v1.2,FakeAVCeleb_v1.2__FakeVideo-FakeAudio__Caucasian (American)__men__id01192__00217_id01044_yL58R6zBNf4_id03757_wavtolip.mp4,data\raw\FakeAVCeleb_v1.2\FakeVideo-FakeAudio\Caucasian (American)\men\id01192\00217_id01044_yL58R6zBNf4_id03757_wavtolip.mp4,1,FakeVideo-FakeAudio,Caucasian (American),men,id01192
FakeAVCeleb_v1.2,FakeAVCeleb_v1.2__FakeVideo-FakeAudio__Caucasian (American)__men__id01192__00217_id01096_wavtolip.mp4,data\raw\FakeAVCeleb_v1.2\FakeVideo-FakeAudio\Caucasian (American)\men\id01192\00217_id01096_wavtolip.mp4,1,FakeVideo-FakeAudio,Caucasian (American),men,id01192
FakeAVCeleb_v1.2,FakeAVCeleb_v1.2__FakeVideo-FakeAudio__Caucasian (American)__men__id01192__00217_id01105_qxMlGJlyfA8_id01192_wavtolip.mp4,data\raw\FakeAVCeleb_v1.2\FakeVideo-FakeAudio\Caucasian (American)\men\id01192\00217_id01105_qxMlGJlyfA8_id01192_wavtolip.mp4,1,FakeVideo-FakeAudio,Caucasian (American),men,id01192
FakeAVCeleb_v1.2,FakeAVCeleb_v1.2__FakeVideo-FakeAudio__Caucasian (American)__men__id01192__00217_id01163_QSMeUEH3lJM_id04219_wavtolip.mp4,data\raw\FakeAVCeleb_v1.2\FakeVideo-FakeAudio\Caucasian (American)\men\id01192\00217_id01163_QSMeUEH3lJM_id04219_wavtolip.mp4,1,FakeVideo-FakeAudio,Caucasian (American),men,id01192
FakeAVCeleb_v1.2,FakeAVCeleb_v1.2__FakeVideo-FakeAudio__Caucasian (American)__men__id01192__00217_id01239_gJvquKo7kbA_id03668_wavtolip.mp4,data\raw\FakeAVCeleb_v1.2\FakeVideo-FakeAudio\Caucasian (American)\men\id01192\00217_id01239_gJvquKo7kbA_id03668_wavtolip.mp4,1,FakeVideo-FakeAudio,Caucasian (American),men,id01192
FakeAVCeleb_v1.2,FakeAVCeleb_v1.2__FakeVideo-FakeAudio__Caucasian (American)__men__id01192__00217_id04073_KT7B07WFWyM_id01168_wavtolip.mp4,data\raw\FakeAVCeleb_v1.2\FakeVideo-FakeAudio\Caucasian (American)\men\id01192\00217_id04073_KT7B07WFWyM_id01168_wavtolip.mp4,1,FakeVideo-FakeAudio,Caucasian (American),men,id01192
FakeAVCeleb_v1.2,FakeAVCeleb_v1.2__FakeVideo-FakeAudio__Caucasian (American)__men__id01192__00217_id04219_wavtolip.mp4,data\raw\FakeAVCeleb_v1.2\FakeVideo-FakeAudio\Caucasian (American)\men\id01192\00217_id04219_wavtolip.mp4,1,FakeVideo-FakeAudio,Caucasian (American),men,id01192
FakeAVCeleb_v1.2,FakeAVCeleb_v1.2__FakeVideo-FakeAudio__Caucasian (American)__men__id01192__00217_id04221_5XfsCrxGvj4_id01239_wavtolip.mp4,data\raw\FakeAVCeleb_v1.2\FakeVideo-FakeAudio\Caucasian (American)\men\id01192\00217_id04221_5XfsCrxGvj4_id01239_wavtolip.mp4,1,FakeVideo-FakeAudio,Caucasian (American),men,id01192
FakeAVCeleb_v1.2,FakeAVCeleb_v1.2__FakeVideo-FakeAudio__Caucasian (American)__men__id04219__00130_id00018_sap-FjURHlc_id00062_wavtolip.mp4,data\raw\FakeAVCeleb_v1.2\FakeVideo-FakeAudio\Caucasian (American)\men\id04219\00130_id00018_sap-FjURHlc_id00062_wavtolip.mp4,1,FakeVideo-FakeAudio,Caucasian (American),men,id04219
FakeAVCeleb_v1.2,FakeAVCeleb_v1.2__FakeVideo-FakeAudio__Caucasian (American)__men__id04219__00130_id00049_S_EHTUF-mQY_id00529_wavtolip.mp4,data\raw\FakeAVCeleb_v1.2\FakeVideo-FakeAudio\Caucasian (American)\men\id04219\00130_id00049_S_EHTUF-mQY_id00529_wavtolip.mp4,1,FakeVideo-FakeAudio,Caucasian (American),men,id04219
FakeAVCeleb_v1.2,FakeAVCeleb_v1.2__FakeVideo-FakeAudio__Caucasian (American)__men__id04219__00130_id00052_wavtolip.mp4,data\raw\FakeAVCeleb_v1.2\FakeVideo-FakeAudio\Caucasian (American)\men\id04219\00130_id00052_wavtolip.mp4,1,FakeVideo-FakeAudio,Caucasian (American),men,id04219
FakeAVCeleb_v1.2,FakeAVCeleb_v1.2__FakeVideo-FakeAudio__Caucasian (American)__men__id04219__00130_id00062_bctnrIvZHTs_id04221_wavtolip.mp4,data\raw\FakeAVCeleb_v1.2\FakeVideo-FakeAudio\Caucasian (American)\men\id04219\00130_id00062_bctnrIvZHTs_id04221_wavtolip.mp4,1,FakeVideo-FakeAudio,Caucasian (American),men,id04219
FakeAVCeleb_v1.2,FakeAVCeleb_v1.2__FakeVideo-FakeAudio__Caucasian (American)__men__id04219__00130_id00088_wavtolip.mp4,data\raw\FakeAVCeleb_v1.2\FakeVideo-FakeAudio\Caucasian (American)\men\id04219\00130_id00088_wavtolip.mp4,1,FakeVideo-FakeAudio,Caucasian (American),men,id04219
FakeAVCeleb_v1.2,FakeAVCeleb_v1.2__FakeVideo-FakeAudio__Caucasian (American)__men__id04219__00130_id00184_WaTN0ry04Qs_id00062_wavtolip.mp4,data\raw\FakeAVCeleb_v1.2\FakeVideo-FakeAudio\Caucasian (American)\men\id04219\00130_id00184_WaTN0ry04Qs_id00062_wavtolip.mp4,1,FakeVideo-FakeAudio,Caucasian (American),men,id04219
FakeAVCeleb_v1.2,FakeAVCeleb_v1.2__FakeVideo-FakeAudio__Caucasian (American)__men__id04219__00130_id00529_wavtolip.mp4,data\raw\FakeAVCeleb_v1.2\FakeVideo-FakeAudio\Caucasian (American)\men\id04219\00130_id00529_wavtolip.mp4,1,FakeVideo-FakeAudio,Caucasian (American),men,id04219
FakeAVCeleb_v1.2,FakeAVCeleb_v1.2__FakeVideo-FakeAudio__Caucasian (American)__men__id04219__00130_id00529_xtx2GeQN-DQ_id00052_wavtolip.mp4,data\raw\FakeAVCeleb_v1.2\FakeVideo-FakeAudio\Caucasian (American)\men\id04219\00130_id00529_xtx2GeQN-DQ_id00052_wavtolip.mp4,1,FakeVideo-FakeAudio,Caucasian (American),men,id04219
FakeAVCeleb_v1.2,FakeAVCeleb_v1.2__FakeVideo-FakeAudio__Caucasian (American)__men__id04219__00130_id00708_wavtolip.mp4,data\raw\FakeAVCeleb_v1.2\FakeVideo-FakeAudio\Caucasian (American)\men\id04219\00130_id00708_wavtolip.mp4,1,FakeVideo-FakeAudio,Caucasian (American),men,id04219
FakeAVCeleb_v1.2,FakeAVCeleb_v1.2__FakeVideo-FakeAudio__Caucasian (American)__men__id04219__00130_id00775_wavtolip.mp4,data\raw\FakeAVCeleb_v1.2\FakeVideo-FakeAudio\Caucasian (American)\men\id04219\00130_id00775_wavtolip.mp4,1,FakeVideo-FakeAudio,Caucasian (American),men,id04219
FakeAVCeleb_v1.2,FakeAVCeleb_v1.2__FakeVideo-FakeAudio__Caucasian (American)__men__id04219__00130_id00943_LxSv2rnBGA8_id01096_wavtolip.mp4,data\raw\FakeAVCeleb_v1.2\FakeVideo-FakeAudio\Caucasian (American)\men\id04219\00130_id00943_LxSv2rnBGA8_id01096_wavtolip.mp4,1,FakeVideo-FakeAudio,Caucasian (American),men,id04219
FakeAVCeleb_v1.2,FakeAVCeleb_v1.2__FakeVideo-FakeAudio__Caucasian (American)__men__id04219__00130_id01124_Lnf2oGSM00s_id00943_wavtolip.mp4,data\raw\FakeAVCeleb_v1.2\FakeVideo-FakeAudio\Caucasian (American)\men\id04219\00130_id01124_Lnf2oGSM00s_id00943_wavtolip.mp4,1,FakeVideo-FakeAudio,Caucasian (American),men,id04219
FakeAVCeleb_v1.2,FakeAVCeleb_v1.2__FakeVideo-FakeAudio__Caucasian (American)__men__id04219__00130_id01172_8f8sdrQatpw_id00020_wavtolip.mp4,data\raw\FakeAVCeleb_v1.2\FakeVideo-FakeAudio\Caucasian (American)\men\id04219\00130_id01172_8f8sdrQatpw_id00020_wavtolip.mp4,1,FakeVideo-FakeAudio,Caucasian (American),men,id04219
FakeAVCeleb_v1.2,FakeAVCeleb_v1.2__FakeVideo-FakeAudio__Caucasian (American)__men__id04219__00130_id01175_wavtolip.mp4,data\raw\FakeAVCeleb_v1.2\FakeVideo-FakeAudio\Caucasian (American)\men\id04219\00130_id01175_wavtolip.mp4,1,FakeVideo-FakeAudio,Caucasian (American),men,id04219
FakeAVCeleb_v1.2,FakeAVCeleb_v1.2__FakeVideo-FakeAudio__Caucasian (American)__men__id04219__00130_id01211_ALJX69-RDG8_id03678_wavtolip.mp4,data\raw\FakeAVCeleb_v1.2\FakeVideo-FakeAudio\Caucasian (American)\men\id04219\00130_id01211_ALJX69-RDG8_id03678_wavtolip.mp4,1,FakeVideo-FakeAudio,Caucasian (American),men,id04219
FakeAVCeleb_v1.2,FakeAVCeleb_v1.2__FakeVideo-FakeAudio__Caucasian (American)__men__id04219__00130_id03525_wavtolip.mp4,data\raw\FakeAVCeleb_v1.2\FakeVideo-FakeAudio\Caucasian (American)\men\id04219\00130_id03525_wavtolip.mp4,1,FakeVideo-FakeAudio,Caucasian (American),men,id04219
FakeAVCeleb_v1.2,FakeAVCeleb_v1.2__FakeVideo-FakeAudio__Caucasian (American)__men__id04219__00130_id03757_wavtolip.mp4,data\raw\FakeAVCeleb_v1.2\FakeVideo-FakeAudio\Caucasian (American)\men\id04219\00130_id03757_wavtolip.mp4,1,FakeVideo-FakeAudio,Caucasian (American),men,id04219
FakeAVCeleb_v1.2,FakeAVCeleb_v1.2__FakeVideo-FakeAudio__Caucasian (American)__men__id04219__00130_id04034_8ZeJXbjFa_o_id01124_wavtolip.mp4,data\raw\FakeAVCeleb_v1.2\FakeVideo-FakeAudio\Caucasian (American)\men\id04219\00130_id04034_8ZeJXbjFa_o_id01124_wavtolip.mp4,1,FakeVideo-FakeAudio,Caucasian (American),men,id04219
FakeAVCeleb_v1.2,FakeAVCeleb_v1.2__FakeVideo-FakeAudio__Caucasian (American)__men__id04219__00130_id04216_wavtolip.mp4,data\raw\FakeAVCeleb_v1.2\FakeVideo-FakeAudio\Caucasian (American)\men\id04219\00130_id04216_wavtolip.mp4,1,FakeVideo-FakeAudio,Caucasian (American),men,id04219
FakeAVCeleb_v1.2,FakeAVCeleb_v1.2__FakeVideo-FakeAudio__Caucasian (American)__women__id00025__00025_id00025_wavtolip.mp4,data\raw\FakeAVCeleb_v1.2\FakeVideo-FakeAudio\Caucasian (American)\women\id00025\00025_id00025_wavtolip.mp4,1,FakeVideo-FakeAudio,Caucasian (American),women,id00025
FakeAVCeleb_v1.2,FakeAVCeleb_v1.2__FakeVideo-FakeAudio__Caucasian (American)__women__id00025__00025_id00261_wavtolip.mp4,data\raw\FakeAVCeleb_v1.2\FakeVideo-FakeAudio\Caucasian (American)\women\id00025\00025_id00261_wavtolip.mp4,1,FakeVideo-FakeAudio,Caucasian (American),women,id00025
FakeAVCeleb_v1.2,FakeAVCeleb_v1.2__FakeVideo-FakeAudio__Caucasian (American)__women__id00025__00025_id00272_VLY1boTtbRM_id00025_wavtolip.mp4,data\raw\FakeAVCeleb_v1.2\FakeVideo-FakeAudio\Caucasian (American)\women\id00025\00025_id00272_VLY1boTtbRM_id00025_wavtolip.mp4,1,FakeVideo-FakeAudio,Caucasian (American),women,id00025
FakeAVCeleb_v1.2,FakeAVCeleb_v1.2__FakeVideo-FakeAudio__Caucasian (American)__women__id00025__00025_id00428_wavtolip.mp4,data\raw\FakeAVCeleb_v1.2\FakeVideo-FakeAudio\Caucasian (American)\women\id00025\00025_id00428_wavtolip.mp4,1,FakeVideo-FakeAudio,Caucasian (American),women,id00025
FakeAVCeleb_v1.2,FakeAVCeleb_v1.2__FakeVideo-FakeAudio__Caucasian (American)__women__id00025__00025_id00458_K4t1pQZL7ck_id01227_wavtolip.mp4,data\raw\FakeAVCeleb_v1.2\FakeVideo-FakeAudio\Caucasian (American)\women\id00025\00025_id00458_K4t1pQZL7ck_id01227_wavtolip.mp4,1,FakeVideo-FakeAudio,Caucasian (American),women,id00025
FakeAVCeleb_v1.2,FakeAVCeleb_v1.2__FakeVideo-FakeAudio__Caucasian (American)__women__id00025__00025_id00458_wavtolip.mp4,data\raw\FakeAVCeleb_v1.2\FakeVideo-FakeAudio\Caucasian (American)\women\id00025\00025_id00458_wavtolip.mp4,1,FakeVideo-FakeAudio,Caucasian (American),women,id00025
FakeAVCeleb_v1.2,FakeAVCeleb_v1.2__FakeVideo-FakeAudio__Caucasian (American)__women__id00025__00025_id00848_o1_9Cu3YMN0_id00428_wavtolip.mp4,data\raw\FakeAVCeleb_v1.2\FakeVideo-FakeAudio\Caucasian (American)\women\id00025\00025_id00848_o1_9Cu3YMN0_id00428_wavtolip.mp4,1,FakeVideo-FakeAudio,Caucasian (American),women,id00025
FakeAVCeleb_v1.2,FakeAVCeleb_v1.2__FakeVideo-FakeAudio__Caucasian (American)__women__id00025__00025_id01004_867Wlj7Gw68_id02464_wavtolip.mp4,data\raw\FakeAVCeleb_v1.2\FakeVideo-FakeAudio\Caucasian (American)\women\id00025\00025_id01004_867Wlj7Gw68_id02464_wavtolip.mp4,1,FakeVideo-FakeAudio,Caucasian (American),women,id00025
FakeAVCeleb_v1.2,FakeAVCeleb_v1.2__FakeVideo-FakeAudio__Caucasian (American)__women__id00025__00025_id01004_wavtolip.mp4,data\raw\FakeAVCeleb_v1.2\FakeVideo-FakeAudio\Caucasian (American)\women\id00025\00025_id01004_wavtolip.mp4,1,FakeVideo-FakeAudio,Caucasian (American),women,id00025
FakeAVCeleb_v1.2,FakeAVCeleb_v1.2__FakeVideo-FakeAudio__Caucasian (American)__women__id00025__00025_id01005_lJZrqhcRFSA_id00458_wavtolip.mp4,data\raw\FakeAVCeleb_v1.2\FakeVideo-FakeAudio\Caucasian (American)\women\id00025\00025_id01005_lJZrqhcRFSA_id00458_wavtolip.mp4,1,FakeVideo-FakeAudio,Caucasian (American),women,id00025
FakeAVCeleb_v1.2,FakeAVCeleb_v1.2__FakeVideo-FakeAudio__Caucasian (American)__women__id00025__00025_id01005_wavtolip.mp4,data\raw\FakeAVCeleb_v1.2\FakeVideo-FakeAudio\Caucasian (American)\women\id00025\00025_id01005_wavtolip.mp4,1,FakeVideo-FakeAudio,Caucasian (American),women,id00025
FakeAVCeleb_v1.2,FakeAVCeleb_v1.2__FakeVideo-FakeAudio__Caucasian (American)__women__id00025__00025_id01091_oM2XdIGMM2c_id00458_wavtolip.mp4,data\raw\FakeAVCeleb_v1.2\FakeVideo-FakeAudio\Caucasian (American)\women\id00025\00025_id01091_oM2XdIGMM2c_id00458_wavtolip.mp4,1,FakeVideo-FakeAudio,Caucasian (American),women,id00025
FakeAVCeleb_v1.2,FakeAVCeleb_v1.2__FakeVideo-FakeAudio__Caucasian (American)__women__id00025__00025_id01216_wavtolip.mp4,data\raw\FakeAVCeleb_v1.2\FakeVideo-FakeAudio\Caucasian (American)\women\id00025\00025_id01216_wavtolip.mp4,1,FakeVideo-FakeAudio,Caucasian (American),women,id00025
FakeAVCeleb_v1.2,FakeAVCeleb_v1.2__FakeVideo-FakeAudio__Caucasian (American)__women__id00025__00025_id01225_wavtolip.mp4,data\raw\FakeAVCeleb_v1.2\FakeVideo-FakeAudio\Caucasian (American)\women\id00025\00025_id01225_wavtolip.mp4,1,FakeVideo-FakeAudio,Caucasian (American),women,id00025
FakeAVCeleb_v1.2,FakeAVCeleb_v1.2__FakeVideo-FakeAudio__Caucasian (American)__women__id00025__00025_id01238_wavtolip.mp4,data\raw\FakeAVCeleb_v1.2\FakeVideo-FakeAudio\Caucasian (American)\women\id00025\00025_id01238_wavtolip.mp4,1,FakeVideo-FakeAudio,Caucasian (American),women,id00025
FakeAVCeleb_v1.2,FakeAVCeleb_v1.2__FakeVideo-FakeAudio__Caucasian (American)__women__id00025__00025_id03556_wavtolip.mp4,data\raw\FakeAVCeleb_v1.2\FakeVideo-FakeAudio\Caucasian (American)\women\id00025\00025_id03556_wavtolip.mp4,1,FakeVideo-FakeAudio,Caucasian (American),women,id00025
FakeAVCeleb_v1.2,FakeAVCeleb_v1.2__FakeVideo-FakeAudio__Caucasian (American)__women__id00025__00025_id03605_JGZt9DAhBRs_id01231_wavtolip.mp4,data\raw\FakeAVCeleb_v1.2\FakeVideo-FakeAudio\Caucasian (American)\women\id00025\00025_id03605_JGZt9DAhBRs_id01231_wavtolip.mp4,1,FakeVideo-FakeAudio,Caucasian (American),women,id00025
FakeAVCeleb_v1.2,FakeAVCeleb_v1.2__FakeVideo-FakeAudio__Caucasian (American)__women__id00025__00025_id03707_pwNcRPQ5qdo_id00272_wavtolip.mp4,data\raw\FakeAVCeleb_v1.2\FakeVideo-FakeAudio\Caucasian (American)\women\id00025\00025_id03707_pwNcRPQ5qdo_id00272_wavtolip.mp4,1,FakeVideo-FakeAudio,Caucasian (American),women,id00025
FakeAVCeleb_v1.2,FakeAVCeleb_v1.2__FakeVideo-FakeAudio__Caucasian (American)__women__id00025__00025_id03781_jbHfYGVNqTg_id01238_wavtolip.mp4,data\raw\FakeAVCeleb_v1.2\FakeVideo-FakeAudio\Caucasian (American)\women\id00025\00025_id03781_jbHfYGVNqTg_id01238_wavtolip.mp4,1,FakeVideo-FakeAudio,Caucasian (American),women,id00025
FakeAVCeleb_v1.2,FakeAVCeleb_v1.2__FakeVideo-FakeAudio__Caucasian (American)__women__id00190__00072_id00025_wavtolip.mp4,data\raw\FakeAVCeleb_v1.2\FakeVideo-FakeAudio\Caucasian (American)\women\id00190\00072_id00025_wavtolip.mp4,1,FakeVideo-FakeAudio,Caucasian (American),women,id00190
FakeAVCeleb_v1.2,FakeAVCeleb_v1.2__FakeVideo-FakeAudio__Caucasian (American)__women__id00190__00072_id00180_lkeAa8Od_tg_id00616_wavtolip.mp4,data\raw\FakeAVCeleb_v1.2\FakeVideo-FakeAudio\Caucasian (American)\women\id00190\00072_id00180_lkeAa8Od_tg_id00616_wavtolip.mp4,1,FakeVideo-FakeAudio,Caucasian (American),women,id00190
FakeAVCeleb_v1.2,FakeAVCeleb_v1.2__FakeVideo-FakeAudio__Caucasian (American)__women__id00190__00072_id00231_wavtolip.mp4,data\raw\FakeAVCeleb_v1.2\FakeVideo-FakeAudio\Caucasian (American)\women\id00190\00072_id00231_wavtolip.mp4,1,FakeVideo-FakeAudio,Caucasian (American),women,id00190
FakeAVCeleb_v1.2,FakeAVCeleb_v1.2__FakeVideo-FakeAudio__Caucasian (American)__women__id00190__00072_id00261_wavtolip.mp4,data\raw\FakeAVCeleb_v1.2\FakeVideo-FakeAudio\Caucasian (American)\women\id00190\00072_id00261_wavtolip.mp4,1,FakeVideo-FakeAudio,Caucasian (American),women,id00190
FakeAVCeleb_v1.2,FakeAVCeleb_v1.2__FakeVideo-FakeAudio__Caucasian (American)__women__id00190__00072_id00272_wavtolip.mp4,data\raw\FakeAVCeleb_v1.2\FakeVideo-FakeAudio\Caucasian (American)\women\id00190\00072_id00272_wavtolip.mp4,1,FakeVideo-FakeAudio,Caucasian (American),women,id00190
FakeAVCeleb_v1.2,FakeAVCeleb_v1.2__FakeVideo-FakeAudio__Caucasian (American)__women__id00190__00072_id00381_79zqA0CZh8s_id01004_wavtolip.mp4,data\raw\FakeAVCeleb_v1.2\FakeVideo-FakeAudio\Caucasian (American)\women\id00190\00072_id00381_79zqA0CZh8s_id01004_wavtolip.mp4,1,FakeVideo-FakeAudio,Caucasian (American),women,id00190
FakeAVCeleb_v1.2,FakeAVCeleb_v1.2__FakeVideo-FakeAudio__Caucasian (American)__women__id00190__00072_id00383_wavtolip.mp4,data\raw\FakeAVCeleb_v1.2\FakeVideo-FakeAudio\Caucasian (American)\women\id00190\00072_id00383_wavtolip.mp4,1,FakeVideo-FakeAudio,Caucasian (American),women,id00190
FakeAVCeleb_v1.2,FakeAVCeleb_v1.2__FakeVideo-FakeAudio__Caucasian (American)__women__id00190__00072_id00428_Kr7n-68JWww_id00555_wavtolip.mp4,data\raw\FakeAVCeleb_v1.2\FakeVideo-FakeAudio\Caucasian (American)\women\id00190\00072_id00428_Kr7n-68JWww_id00555_wavtolip.mp4,1,FakeVideo-FakeAudio,Caucasian (American),women,id00190
FakeAVCeleb_v1.2,FakeAVCeleb_v1.2__FakeVideo-FakeAudio__Caucasian (American)__women__id00190__00072_id00462_EMnGfAq9gg4_id00841_wavtolip.mp4,data\raw\FakeAVCeleb_v1.2\FakeVideo-FakeAudio\Caucasian (American)\women\id00190\00072_id00462_EMnGfAq9gg4_id00841_wavtolip.mp4,1,FakeVideo-FakeAudio,Caucasian (American),women,id00190
FakeAVCeleb_v1.2,FakeAVCeleb_v1.2__FakeVideo-FakeAudio__Caucasian (American)__women__id00190__00072_id00618__TwV2SmUIlY_id00100_wavtolip.mp4,data\raw\FakeAVCeleb_v1.2\FakeVideo-FakeAudio\Caucasian (American)\women\id00190\00072_id00618__TwV2SmUIlY_id00100_wavtolip.mp4,1,FakeVideo-FakeAudio,Caucasian (American),women,id00190
FakeAVCeleb_v1.2,FakeAVCeleb_v1.2__FakeVideo-FakeAudio__Caucasian (American)__women__id00190__00072_id00841_wavtolip.mp4,data\raw\FakeAVCeleb_v1.2\FakeVideo-FakeAudio\Caucasian (American)\women\id00190\00072_id00841_wavtolip.mp4,1,FakeVideo-FakeAudio,Caucasian (American),women,id00190
FakeAVCeleb_v1.2,FakeAVCeleb_v1.2__FakeVideo-FakeAudio__Caucasian (American)__women__id00190__00072_id01075_MtJUiHspdT0_id01245_wavtolip.mp4,data\raw\FakeAVCeleb_v1.2\FakeVideo-FakeAudio\Caucasian (American)\women\id00190\00072_id01075_MtJUiHspdT0_id01245_wavtolip.mp4,1,FakeVideo-FakeAudio,Caucasian (American),women,id00190
FakeAVCeleb_v1.2,FakeAVCeleb_v1.2__FakeVideo-FakeAudio__Caucasian (American)__women__id00190__00072_id01216_wavtolip.mp4,data\raw\FakeAVCeleb_v1.2\FakeVideo-FakeAudio\Caucasian (American)\women\id00190\00072_id01216_wavtolip.mp4,1,FakeVideo-FakeAudio,Caucasian (American),women,id00190
FakeAVCeleb_v1.2,FakeAVCeleb_v1.2__FakeVideo-FakeAudio__Caucasian (American)__women__id00190__00072_id01227_wavtolip.mp4,data\raw\FakeAVCeleb_v1.2\FakeVideo-FakeAudio\Caucasian (American)\women\id00190\00072_id01227_wavtolip.mp4,1,FakeVideo-FakeAudio,Caucasian (American),women,id00190
FakeAVCeleb_v1.2,FakeAVCeleb_v1.2__FakeVideo-FakeAudio__Caucasian (American)__women__id00190__00072_id01238_wavtolip.mp4,data\raw\FakeAVCeleb_v1.2\FakeVideo-FakeAudio\Caucasian (American)\women\id00190\00072_id01238_wavtolip.mp4,1,FakeVideo-FakeAudio,Caucasian (American),women,id00190
FakeAVCeleb_v1.2,FakeAVCeleb_v1.2__FakeVideo-FakeAudio__Caucasian (American)__women__id00190__00072_id03707_pwNcRPQ5qdo_id02464_wavtolip.mp4,data\raw\FakeAVCeleb_v1.2\FakeVideo-FakeAudio\Caucasian (American)\women\id00190\00072_id03707_pwNcRPQ5qdo_id02464_wavtolip.mp4,1,FakeVideo-FakeAudio,Caucasian (American),women,id00190
FakeAVCeleb_v1.2,FakeAVCeleb_v1.2__FakeVideo-FakeAudio__Caucasian (American)__women__id00841__00078_0_id00462_wavtolip.mp4,data\raw\FakeAVCeleb_v1.2\FakeVideo-FakeAudio\Caucasian (American)\women\id00841\00078_0_id00462_wavtolip.mp4,1,FakeVideo-FakeAudio,Caucasian (American),women,id00841
FakeAVCeleb_v1.2,FakeAVCeleb_v1.2__FakeVideo-FakeAudio__Caucasian (American)__women__id00841__00078_0_id00616_wavtolip.mp4,data\raw\FakeAVCeleb_v1.2\FakeVideo-FakeAudio\Caucasian (American)\women\id00841\00078_0_id00616_wavtolip.mp4,1,FakeVideo-FakeAudio,Caucasian (American),women,id00841
FakeAVCeleb_v1.2,FakeAVCeleb_v1.2__FakeVideo-FakeAudio__Caucasian (American)__women__id00841__00078_0_id01005_wavtolip.mp4,data\raw\FakeAVCeleb_v1.2\FakeVideo-FakeAudio\Caucasian (American)\women\id00841\00078_0_id01005_wavtolip.mp4,1,FakeVideo-FakeAudio,Caucasian (American),women,id00841
FakeAVCeleb_v1.2,FakeAVCeleb_v1.2__FakeVideo-FakeAudio__Caucasian (American)__women__id00841__00078_0_id01245_wavtolip.mp4,data\raw\FakeAVCeleb_v1.2\FakeVideo-FakeAudio\Caucasian (American)\women\id00841\00078_0_id01245_wavtolip.mp4,1,FakeVideo-FakeAudio,Caucasian (American),women,id00841
FakeAVCeleb_v1.2,FakeAVCeleb_v1.2__FakeVideo-FakeAudio__Caucasian (American)__women__id00841__00078_0_id03781_wavtolip.mp4,data\raw\FakeAVCeleb_v1.2\FakeVideo-FakeAudio\Caucasian (American)\women\id00841\00078_0_id03781_wavtolip.mp4,1,FakeVideo-FakeAudio,Caucasian (American),women,id00841
FakeAVCeleb_v1.2,FakeAVCeleb_v1.2__FakeVideo-FakeAudio__Caucasian (American)__women__id00841__00078_1_id00098_wavtolip.mp4,data\raw\FakeAVCeleb_v1.2\FakeVideo-FakeAudio\Caucasian (American)\women\id00841\00078_1_id00098_wavtolip.mp4,1,FakeVideo-FakeAudio,Caucasian (American),women,id00841
FakeAVCeleb_v1.2,FakeAVCeleb_v1.2__FakeVideo-FakeAudio__Caucasian (American)__women__id00841__00078_1_id00418_wavtolip.mp4,data\raw\FakeAVCeleb_v1.2\FakeVideo-FakeAudio\Caucasian (American)\women\id00841\00078_1_id00418_wavtolip.mp4,1,FakeVideo-FakeAudio,Caucasian (American),women,id00841
FakeAVCeleb_v1.2,FakeAVCeleb_v1.2__FakeVideo-FakeAudio__Caucasian (American)__women__id00841__00078_1_id00462_wavtolip.mp4,data\raw\FakeAVCeleb_v1.2\FakeVideo-FakeAudio\Caucasian (American)\women\id00841\00078_1_id00462_wavtolip.mp4,1,FakeVideo-FakeAudio,Caucasian (American),women,id00841
FakeAVCeleb_v1.2,FakeAVCeleb_v1.2__FakeVideo-FakeAudio__Caucasian (American)__women__id00841__00078_1_id01217_wavtolip.mp4,data\raw\FakeAVCeleb_v1.2\FakeVideo-FakeAudio\Caucasian (American)\women\id00841\00078_1_id01217_wavtolip.mp4,1,FakeVideo-FakeAudio,Caucasian (American),women,id00841
FakeAVCeleb_v1.2,FakeAVCeleb_v1.2__FakeVideo-FakeAudio__Caucasian (American)__women__id00841__00078_1_id01245_wavtolip.mp4,data\raw\FakeAVCeleb_v1.2\FakeVideo-FakeAudio\Caucasian (American)\women\id00841\00078_1_id01245_wavtolip.mp4,1,FakeVideo-FakeAudio,Caucasian (American),women,id00841
FakeAVCeleb_v1.2,FakeAVCeleb_v1.2__FakeVideo-FakeAudio__Caucasian (American)__women__id00841__00078_2_id00025_wavtolip.mp4,data\raw\FakeAVCeleb_v1.2\FakeVideo-FakeAudio\Caucasian (American)\women\id00841\00078_2_id00025_wavtolip.mp4,1,FakeVideo-FakeAudio,Caucasian (American),women,id00841
FakeAVCeleb_v1.2,FakeAVCeleb_v1.2__FakeVideo-FakeAudio__Caucasian (American)__women__id00841__00078_2_id00428_wavtolip.mp4,data\raw\FakeAVCeleb_v1.2\FakeVideo-FakeAudio\Caucasian (American)\women\id00841\00078_2_id00428_wavtolip.mp4,1,FakeVideo-FakeAudio,Caucasian (American),women,id00841
FakeAVCeleb_v1.2,FakeAVCeleb_v1.2__FakeVideo-FakeAudio__Caucasian (American)__women__id00841__00078_2_id00842_wavtolip.mp4,data\raw\FakeAVCeleb_v1.2\FakeVideo-FakeAudio\Caucasian (American)\women\id00841\00078_2_id00842_wavtolip.mp4,1,FakeVideo-FakeAudio,Caucasian (American),women,id00841
FakeAVCeleb_v1.2,FakeAVCeleb_v1.2__FakeVideo-FakeAudio__Caucasian (American)__women__id00841__00078_2_id01217_wavtolip.mp4,data\raw\FakeAVCeleb_v1.2\FakeVideo-FakeAudio\Caucasian (American)\women\id00841\00078_2_id01217_wavtolip.mp4,1,FakeVideo-FakeAudio,Caucasian (American),women,id00841
FakeAVCeleb_v1.2,FakeAVCeleb_v1.2__FakeVideo-FakeAudio__Caucasian (American)__women__id00841__00078_2_id03605_wavtolip.mp4,data\raw\FakeAVCeleb_v1.2\FakeVideo-FakeAudio\Caucasian (American)\women\id00841\00078_2_id03605_wavtolip.mp4,1,FakeVideo-FakeAudio,Caucasian (American),women,id00841
FakeAVCeleb_v1.2,FakeAVCeleb_v1.2__FakeVideo-FakeAudio__Caucasian (American)__women__id00841__00078_id00097_wavtolip.mp4,data\raw\FakeAVCeleb_v1.2\FakeVideo-FakeAudio\Caucasian (American)\women\id00841\00078_id00097_wavtolip.mp4,1,FakeVideo-FakeAudio,Caucasian (American),women,id00841
FakeAVCeleb_v1.2,FakeAVCeleb_v1.2__FakeVideo-FakeAudio__Caucasian (American)__women__id00841__00078_id00100_sZ0Ex4WUEgM_id01248_wavtolip.mp4,data\raw\FakeAVCeleb_v1.2\FakeVideo-FakeAudio\Caucasian (American)\women\id00841\00078_id00100_sZ0Ex4WUEgM_id01248_wavtolip.mp4,1,FakeVideo-FakeAudio,Caucasian (American),women,id00841
FakeAVCeleb_v1.2,FakeAVCeleb_v1.2__FakeVideo-FakeAudio__Caucasian (American)__women__id00841__00078_id00145_JveyoCdoCuI_id01216_wavtolip.mp4,data\raw\FakeAVCeleb_v1.2\FakeVideo-FakeAudio\Caucasian (American)\women\id00841\00078_id00145_JveyoCdoCuI_id01216_wavtolip.mp4,1,FakeVideo-FakeAudio,Caucasian (American),women,id00841
FakeAVCeleb_v1.2,FakeAVCeleb_v1.2__FakeVideo-FakeAudio__Caucasian (American)__women__id00841__00078_id00145_wavtolip.mp4,data\raw\FakeAVCeleb_v1.2\FakeVideo-FakeAudio\Caucasian (American)\women\id00841\00078_id00145_wavtolip.mp4,1,FakeVideo-FakeAudio,Caucasian (American),women,id00841
FakeAVCeleb_v1.2,FakeAVCeleb_v1.2__FakeVideo-FakeAudio__Caucasian (American)__women__id00841__00078_id00180_lkeAa8Od_tg_id00431_wavtolip.mp4,data\raw\FakeAVCeleb_v1.2\FakeVideo-FakeAudio\Caucasian (American)\women\id00841\00078_id00180_lkeAa8Od_tg_id00431_wavtolip.mp4,1,FakeVideo-FakeAudio,Caucasian (American),women,id00841
FakeAVCeleb_v1.2,FakeAVCeleb_v1.2__FakeVideo-FakeAudio__Caucasian (American)__women__id00841__00078_id00272_wavtolip.mp4,data\raw\FakeAVCeleb_v1.2\FakeVideo-FakeAudio\Caucasian (American)\women\id00841\00078_id00272_wavtolip.mp4,1,FakeVideo-FakeAudio,Caucasian (American),women,id00841
FakeAVCeleb_v1.2,FakeAVCeleb_v1.2__FakeVideo-FakeAudio__Caucasian (American)__women__id00841__00078_id00428_Kr7n-68JWww_id03781_wavtolip.mp4,data\raw\FakeAVCeleb_v1.2\FakeVideo-FakeAudio\Caucasian (American)\women\id00841\00078_id00428_Kr7n-68JWww_id03781_wavtolip.mp4,1,FakeVideo-FakeAudio,Caucasian (American),women,id00841
FakeAVCeleb_v1.2,FakeAVCeleb_v1.2__FakeVideo-FakeAudio__Caucasian (American)__women__id00841__00078_id00618_wavtolip.mp4,data\raw\FakeAVCeleb_v1.2\FakeVideo-FakeAudio\Caucasian (American)\women\id00841\00078_id00618_wavtolip.mp4,1,FakeVideo-FakeAudio,Caucasian (American),women,id00841
FakeAVCeleb_v1.2,FakeAVCeleb_v1.2__FakeVideo-FakeAudio__Caucasian (American)__women__id00841__00078_id00680_wavtolip.mp4,data\raw\FakeAVCeleb_v1.2\FakeVideo-FakeAudio\Caucasian (American)\women\id00841\00078_id00680_wavtolip.mp4,1,FakeVideo-FakeAudio,Caucasian (American),women,id00841
FakeAVCeleb_v1.2,FakeAVCeleb_v1.2__FakeVideo-FakeAudio__Caucasian (American)__women__id00841__00078_id01005_lJZrqhcRFSA_id03781_wavtolip.mp4,data\raw\FakeAVCeleb_v1.2\FakeVideo-FakeAudio\Caucasian (American)\women\id00841\00078_id01005_lJZrqhcRFSA_id03781_wavtolip.mp4,1,FakeVideo-FakeAudio,Caucasian (American),women,id00841
FakeAVCeleb_v1.2,FakeAVCeleb_v1.2__FakeVideo-FakeAudio__Caucasian (American)__women__id00841__00078_id01075_MtJUiHspdT0_id01216_wavtolip.mp4,data\raw\FakeAVCeleb_v1.2\FakeVideo-FakeAudio\Caucasian (American)\women\id00841\00078_id01075_MtJUiHspdT0_id01216_wavtolip.mp4,1,FakeVideo-FakeAudio,Caucasian (American),women,id00841
FakeAVCeleb_v1.2,FakeAVCeleb_v1.2__FakeVideo-FakeAudio__Caucasian (American)__women__id00841__00078_id01216_wavtolip.mp4,data\raw\FakeAVCeleb_v1.2\FakeVideo-FakeAudio\Caucasian (American)\women\id00841\00078_id01216_wavtolip.mp4,1,FakeVideo-FakeAudio,Caucasian (American),women,id00841
FakeAVCeleb_v1.2,FakeAVCeleb_v1.2__FakeVideo-FakeAudio__Caucasian (American)__women__id00841__00078_id01227_eNr-P3gIrgo_id01005_wavtolip.mp4,data\raw\FakeAVCeleb_v1.2\FakeVideo-FakeAudio\Caucasian (American)\women\id00841\00078_id01227_eNr-P3gIrgo_id01005_wavtolip.mp4,1,FakeVideo-FakeAudio,Caucasian (American),women,id00841
FakeAVCeleb_v1.2,FakeAVCeleb_v1.2__FakeVideo-FakeAudio__Caucasian (American)__women__id00841__00078_id01238_VPdv2sexRy0_id00025_wavtolip.mp4,data\raw\FakeAVCeleb_v1.2\FakeVideo-FakeAudio\Caucasian (American)\women\id00841\00078_id01238_VPdv2sexRy0_id00025_wavtolip.mp4,1,FakeVideo-FakeAudio,Caucasian (American),women,id00841
FakeAVCeleb_v1.2,FakeAVCeleb_v1.2__FakeVideo-FakeAudio__Caucasian (American)__women__id00841__00078_id01238_wavtolip.mp4,data\raw\FakeAVCeleb_v1.2\FakeVideo-FakeAudio\Caucasian (American)\women\id00841\00078_id01238_wavtolip.mp4,1,FakeVideo-FakeAudio,Caucasian (American),women,id00841
FakeAVCeleb_v1.2,FakeAVCeleb_v1.2__FakeVideo-FakeAudio__Caucasian (American)__women__id00841__00078_id01245_7pYBPczR_z0_id01225_wavtolip.mp4,data\raw\FakeAVCeleb_v1.2\FakeVideo-FakeAudio\Caucasian (American)\women\id00841\00078_id01245_7pYBPczR_z0_id01225_wavtolip.mp4,1,FakeVideo-FakeAudio,Caucasian (American),women,id00841
FakeAVCeleb_v1.2,FakeAVCeleb_v1.2__FakeVideo-FakeAudio__Caucasian (American)__women__id00841__00078_id01248_wavtolip.mp4,data\raw\FakeAVCeleb_v1.2\FakeVideo-FakeAudio\Caucasian (American)\women\id00841\00078_id01248_wavtolip.mp4,1,FakeVideo-FakeAudio,Caucasian (American),women,id00841
FakeAVCeleb_v1.2,FakeAVCeleb_v1.2__FakeVideo-FakeAudio__Caucasian (American)__women__id00841__00078_id03556_wavtolip.mp4,data\raw\FakeAVCeleb_v1.2\FakeVideo-FakeAudio\Caucasian (American)\women\id00841\00078_id03556_wavtolip.mp4,1,FakeVideo-FakeAudio,Caucasian (American),women,id00841
FakeAVCeleb_v1.2,FakeAVCeleb_v1.2__FakeVideo-FakeAudio__Caucasian (American)__women__id00841__00078_id03696_wavtolip.mp4,data\raw\FakeAVCeleb_v1.2\FakeVideo-FakeAudio\Caucasian (American)\women\id00841\00078_id03696_wavtolip.mp4,1,FakeVideo-FakeAudio,Caucasian (American),women,id00841
FakeAVCeleb_v1.2,FakeAVCeleb_v1.2__FakeVideo-FakeAudio__Caucasian (American)__women__id00841__00078_id03707_pwNcRPQ5qdo_id01216_wavtolip.mp4,data\raw\FakeAVCeleb_v1.2\FakeVideo-FakeAudio\Caucasian (American)\women\id00841\00078_id03707_pwNcRPQ5qdo_id01216_wavtolip.mp4,1,FakeVideo-FakeAudio,Caucasian (American),women,id00841
FakeAVCeleb_v1.2,FakeAVCeleb_v1.2__FakeVideo-FakeAudio__Caucasian (American)__women__id00848__00028_id00025_PjSeVtbvSjA_id00180_wavtolip.mp4,data\raw\FakeAVCeleb_v1.2\FakeVideo-FakeAudio\Caucasian (American)\women\id00848\00028_id00025_PjSeVtbvSjA_id00180_wavtolip.mp4,1,FakeVideo-FakeAudio,Caucasian (American),women,id00848
FakeAVCeleb_v1.2,FakeAVCeleb_v1.2__FakeVideo-FakeAudio__Caucasian (American)__women__id00848__00028_id00231_Pi8vVHrPQMU_id01238_wavtolip.mp4,data\raw\FakeAVCeleb_v1.2\FakeVideo-FakeAudio\Caucasian (American)\women\id00848\00028_id00231_Pi8vVHrPQMU_id01238_wavtolip.mp4,1,FakeVideo-FakeAudio,Caucasian (American),women,id00848
FakeAVCeleb_v1.2,FakeAVCeleb_v1.2__FakeVideo-FakeAudio__Caucasian (American)__women__id00848__00028_id00261_wavtolip.mp4,data\raw\FakeAVCeleb_v1.2\FakeVideo-FakeAudio\Caucasian (American)\women\id00848\00028_id00261_wavtolip.mp4,1,FakeVideo-FakeAudio,Caucasian (American),women,id00848
FakeAVCeleb_v1.2,FakeAVCeleb_v1.2__FakeVideo-FakeAudio__Caucasian (American)__women__id00848__00028_id00383_wavtolip.mp4,data\raw\FakeAVCeleb_v1.2\FakeVideo-FakeAudio\Caucasian (American)\women\id00848\00028_id00383_wavtolip.mp4,1,FakeVideo-FakeAudio,Caucasian (American),women,id00848
FakeAVCeleb_v1.2,FakeAVCeleb_v1.2__FakeVideo-FakeAudio__Caucasian (American)__women__id00848__00028_id00385_oqf8cNi7lOI_id00618_wavtolip.mp4,data\raw\FakeAVCeleb_v1.2\FakeVideo-FakeAudio\Caucasian (American)\women\id00848\00028_id00385_oqf8cNi7lOI_id00618_wavtolip.mp4,1,FakeVideo-FakeAudio,Caucasian (American),women,id00848
FakeAVCeleb_v1.2,FakeAVCeleb_v1.2__FakeVideo-FakeAudio__Caucasian (American)__women__id00848__00028_id00398_wavtolip.mp4,data\raw\FakeAVCeleb_v1.2\FakeVideo-FakeAudio\Caucasian (American)\women\id00848\00028_id00398_wavtolip.mp4,1,FakeVideo-FakeAudio,Caucasian (American),women,id00848
FakeAVCeleb_v1.2,FakeAVCeleb_v1.2__FakeVideo-FakeAudio__Caucasian (American)__women__id00848__00028_id00428_wavtolip.mp4,data\raw\FakeAVCeleb_v1.2\FakeVideo-FakeAudio\Caucasian (American)\women\id00848\00028_id00428_wavtolip.mp4,1,FakeVideo-FakeAudio,Caucasian (American),women,id00848
FakeAVCeleb_v1.2,FakeAVCeleb_v1.2__FakeVideo-FakeAudio__Caucasian (American)__women__id00848__00028_id00458_K4t1pQZL7ck_id01223_wavtolip.mp4,data\raw\FakeAVCeleb_v1.2\FakeVideo-FakeAudio\Caucasian (American)\women\id00848\00028_id00458_K4t1pQZL7ck_id01223_wavtolip.mp4,1,FakeVideo-FakeAudio,Caucasian (American),women,id00848
FakeAVCeleb_v1.2,FakeAVCeleb_v1.2__FakeVideo-FakeAudio__Caucasian (American)__women__id00848__00028_id00618__TwV2SmUIlY_id00381_wavtolip.mp4,data\raw\FakeAVCeleb_v1.2\FakeVideo-FakeAudio\Caucasian (American)\women\id00848\00028_id00618__TwV2SmUIlY_id00381_wavtolip.mp4,1,FakeVideo-FakeAudio,Caucasian (American),women,id00848
FakeAVCeleb_v1.2,FakeAVCeleb_v1.2__FakeVideo-FakeAudio__Caucasian (American)__women__id00848__00028_id00835_zWTp4szbb5k_id00848_wavtolip.mp4,data\raw\FakeAVCeleb_v1.2\FakeVideo-FakeAudio\Caucasian (American)\women\id00848\00028_id00835_zWTp4szbb5k_id00848_wavtolip.mp4,1,FakeVideo-FakeAudio,Caucasian (American),women,id00848
FakeAVCeleb_v1.2,FakeAVCeleb_v1.2__FakeVideo-FakeAudio__Caucasian (American)__women__id00848__00028_id00841_wavtolip.mp4,data\raw\FakeAVCeleb_v1.2\FakeVideo-FakeAudio\Caucasian (American)\women\id00848\00028_id00841_wavtolip.mp4,1,FakeVideo-FakeAudio,Caucasian (American),women,id00848
FakeAVCeleb_v1.2,FakeAVCeleb_v1.2__FakeVideo-FakeAudio__Caucasian (American)__women__id00848__00028_id01004_wavtolip.mp4,data\raw\FakeAVCeleb_v1.2\FakeVideo-FakeAudio\Caucasian (American)\women\id00848\00028_id01004_wavtolip.mp4,1,FakeVideo-FakeAudio,Caucasian (American),women,id00848
FakeAVCeleb_v1.2,FakeAVCeleb_v1.2__FakeVideo-FakeAudio__Caucasian (American)__women__id00848__00028_id01091_wavtolip.mp4,data\raw\FakeAVCeleb_v1.2\FakeVideo-FakeAudio\Caucasian (American)\women\id00848\00028_id01091_wavtolip.mp4,1,FakeVideo-FakeAudio,Caucasian (American),women,id00848
FakeAVCeleb_v1.2,FakeAVCeleb_v1.2__FakeVideo-FakeAudio__Caucasian (American)__women__id00848__00028_id01225_wavtolip.mp4,data\raw\FakeAVCeleb_v1.2\FakeVideo-FakeAudio\Caucasian (American)\women\id00848\00028_id01225_wavtolip.mp4,1,FakeVideo-FakeAudio,Caucasian (American),women,id00848
FakeAVCeleb_v1.2,FakeAVCeleb_v1.2__FakeVideo-FakeAudio__Caucasian (American)__women__id00848__00028_id02464_wavtolip.mp4,data\raw\FakeAVCeleb_v1.2\FakeVideo-FakeAudio\Caucasian (American)\women\id00848\00028_id02464_wavtolip.mp4,1,FakeVideo-FakeAudio,Caucasian (American),women,id00848
FakeAVCeleb_v1.2,FakeAVCeleb_v1.2__FakeVideo-FakeAudio__Caucasian (American)__women__id00848__00028_id02466_VOgaA7O5yWY_id01217_wavtolip.mp4,data\raw\FakeAVCeleb_v1.2\FakeVideo-FakeAudio\Caucasian (American)\women\id00848\00028_id02466_VOgaA7O5yWY_id01217_wavtolip.mp4,1,FakeVideo-FakeAudio,Caucasian (American),women,id00848
FakeAVCeleb_v1.2,FakeAVCeleb_v1.2__FakeVideo-FakeAudio__Caucasian (American)__women__id00848__00028_id02466_wavtolip.mp4,data\raw\FakeAVCeleb_v1.2\FakeVideo-FakeAudio\Caucasian (American)\women\id00848\00028_id02466_wavtolip.mp4,1,FakeVideo-FakeAudio,Caucasian (American),women,id00848
FakeAVCeleb_v1.2,FakeAVCeleb_v1.2__FakeVideo-FakeAudio__Caucasian (American)__women__id00848__00028_id03605_JGZt9DAhBRs_id01004_wavtolip.mp4,data\raw\FakeAVCeleb_v1.2\FakeVideo-FakeAudio\Caucasian (American)\women\id00848\00028_id03605_JGZt9DAhBRs_id01004_wavtolip.mp4,1,FakeVideo-FakeAudio,Caucasian (American),women,id00848
FakeAVCeleb_v1.2,FakeAVCeleb_v1.2__FakeVideo-FakeAudio__Caucasian (American)__women__id00848__00028_id03781_jbHfYGVNqTg_id00835_wavtolip.mp4,data\raw\FakeAVCeleb_v1.2\FakeVideo-FakeAudio\Caucasian (American)\women\id00848\00028_id03781_jbHfYGVNqTg_id00835_wavtolip.mp4,1,FakeVideo-FakeAudio,Caucasian (American),women,id00848
FakeAVCeleb_v1.2,FakeAVCeleb_v1.2__FakeVideo-FakeAudio__Caucasian (European)__men__id00063__00021_id00055_XzCF6sJ8Axc_id00990_wavtolip.mp4,data\raw\FakeAVCeleb_v1.2\FakeVideo-FakeAudio\Caucasian (European)\men\id00063\00021_id00055_XzCF6sJ8Axc_id00990_wavtolip.mp4,1,FakeVideo-FakeAudio,Caucasian (European),men,id00063
FakeAVCeleb_v1.2,FakeAVCeleb_v1.2__FakeVideo-FakeAudio__Caucasian (European)__men__id00063__00021_id00183_wavtolip.mp4,data\raw\FakeAVCeleb_v1.2\FakeVideo-FakeAudio\Caucasian (European)\men\id00063\00021_id00183_wavtolip.mp4,1,FakeVideo-FakeAudio,Caucasian (European),men,id00063
FakeAVCeleb_v1.2,FakeAVCeleb_v1.2__FakeVideo-FakeAudio__Caucasian (European)__men__id00063__00021_id00241_DlI4wqSFwbI_id01154_wavtolip.mp4,data\raw\FakeAVCeleb_v1.2\FakeVideo-FakeAudio\Caucasian (European)\men\id00063\00021_id00241_DlI4wqSFwbI_id01154_wavtolip.mp4,1,FakeVideo-FakeAudio,Caucasian (European),men,id00063
FakeAVCeleb_v1.2,FakeAVCeleb_v1.2__FakeVideo-FakeAudio__Caucasian (European)__men__id00063__00021_id00282_iTsqWj6GEbo_id00694_wavtolip.mp4,data\raw\FakeAVCeleb_v1.2\FakeVideo-FakeAudio\Caucasian (European)\men\id00063\00021_id00282_iTsqWj6GEbo_id00694_wavtolip.mp4,1,FakeVideo-FakeAudio,Caucasian (European),men,id00063
FakeAVCeleb_v1.2,FakeAVCeleb_v1.2__FakeVideo-FakeAudio__Caucasian (European)__men__id00063__00021_id00282_wavtolip.mp4,data\raw\FakeAVCeleb_v1.2\FakeVideo-FakeAudio\Caucasian (European)\men\id00063\00021_id00282_wavtolip.mp4,1,FakeVideo-FakeAudio,Caucasian (European),men,id00063
FakeAVCeleb_v1.2,FakeAVCeleb_v1.2__FakeVideo-FakeAudio__Caucasian (European)__men__id00063__00021_id00358_vsVwGKy79kM_id01156_wavtolip.mp4,data\raw\FakeAVCeleb_v1.2\FakeVideo-FakeAudio\Caucasian (European)\men\id00063\00021_id00358_vsVwGKy79kM_id01156_wavtolip.mp4,1,FakeVideo-FakeAudio,Caucasian (European),men,id00063
FakeAVCeleb_v1.2,FakeAVCeleb_v1.2__FakeVideo-FakeAudio__Caucasian (European)__men__id00063__00021_id00368_wavtolip.mp4,data\raw\FakeAVCeleb_v1.2\FakeVideo-FakeAudio\Caucasian (European)\men\id00063\00021_id00368_wavtolip.mp4,1,FakeVideo-FakeAudio,Caucasian (European),men,id00063
FakeAVCeleb_v1.2,FakeAVCeleb_v1.2__FakeVideo-FakeAudio__Caucasian (European)__men__id00063__00021_id00498_wavtolip.mp4,data\raw\FakeAVCeleb_v1.2\FakeVideo-FakeAudio\Caucasian (European)\men\id00063\00021_id00498_wavtolip.mp4,1,FakeVideo-FakeAudio,Caucasian (European),men,id00063
FakeAVCeleb_v1.2,FakeAVCeleb_v1.2__FakeVideo-FakeAudio__Caucasian (European)__men__id00063__00021_id00520_wavtolip.mp4,data\raw\FakeAVCeleb_v1.2\FakeVideo-FakeAudio\Caucasian (European)\men\id00063\00021_id00520_wavtolip.mp4,1,FakeVideo-FakeAudio,Caucasian (European),men,id00063
FakeAVCeleb_v1.2,FakeAVCeleb_v1.2__FakeVideo-FakeAudio__Caucasian (European)__men__id00063__00021_id00535_BhvTIJ-YG5s_id00368_wavtolip.mp4,data\raw\FakeAVCeleb_v1.2\FakeVideo-FakeAudio\Caucasian (European)\men\id00063\00021_id00535_BhvTIJ-YG5s_id00368_wavtolip.mp4,1,FakeVideo-FakeAudio,Caucasian (European),men,id00063
FakeAVCeleb_v1.2,FakeAVCeleb_v1.2__FakeVideo-FakeAudio__Caucasian (European)__men__id00063__00021_id00559_wavtolip.mp4,data\raw\FakeAVCeleb_v1.2\FakeVideo-FakeAudio\Caucasian (European)\men\id00063\00021_id00559_wavtolip.mp4,1,FakeVideo-FakeAudio,Caucasian (European),men,id00063
FakeAVCeleb_v1.2,FakeAVCeleb_v1.2__FakeVideo-FakeAudio__Caucasian (European)__men__id00063__00021_id00919_XDUn0Pskyrk_id00554_wavtolip.mp4,data\raw\FakeAVCeleb_v1.2\FakeVideo-FakeAudio\Caucasian (European)\men\id00063\00021_id00919_XDUn0Pskyrk_id00554_wavtolip.mp4,1,FakeVideo-FakeAudio,Caucasian (European),men,id00063
FakeAVCeleb_v1.2,FakeAVCeleb_v1.2__FakeVideo-FakeAudio__Caucasian (European)__men__id00063__00021_id00946_wavtolip.mp4,data\raw\FakeAVCeleb_v1.2\FakeVideo-FakeAudio\Caucasian (European)\men\id00063\00021_id00946_wavtolip.mp4,1,FakeVideo-FakeAudio,Caucasian (European),men,id00063
FakeAVCeleb_v1.2,FakeAVCeleb_v1.2__FakeVideo-FakeAudio__Caucasian (European)__men__id00063__00021_id00990_wavtolip.mp4,data\raw\FakeAVCeleb_v1.2\FakeVideo-FakeAudio\Caucasian (European)\men\id00063\00021_id00990_wavtolip.mp4,1,FakeVideo-FakeAudio,Caucasian (European),men,id00063
FakeAVCeleb_v1.2,FakeAVCeleb_v1.2__FakeVideo-FakeAudio__Caucasian (European)__men__id00063__00021_id01156_RT99eogJo4k_id00559_wavtolip.mp4,data\raw\FakeAVCeleb_v1.2\FakeVideo-FakeAudio\Caucasian (European)\men\id00063\00021_id01156_RT99eogJo4k_id00559_wavtolip.mp4,1,FakeVideo-FakeAudio,Caucasian (European),men,id00063
FakeAVCeleb_v1.2,FakeAVCeleb_v1.2__FakeVideo-FakeAudio__Caucasian (European)__men__id00063__00021_id01157_wavtolip.mp4,data\raw\FakeAVCeleb_v1.2\FakeVideo-FakeAudio\Caucasian (European)\men\id00063\00021_id01157_wavtolip.mp4,1,FakeVideo-FakeAudio,Caucasian (European),men,id00063
FakeAVCeleb_v1.2,FakeAVCeleb_v1.2__FakeVideo-FakeAudio__Caucasian (European)__men__id00063__00021_id01157_yDgqfOWVKko_id00520_wavtolip.mp4,data\raw\FakeAVCeleb_v1.2\FakeVideo-FakeAudio\Caucasian (European)\men\id00063\00021_id01157_yDgqfOWVKko_id00520_wavtolip.mp4,1,FakeVideo-FakeAudio,Caucasian (European),men,id00063
FakeAVCeleb_v1.2,FakeAVCeleb_v1.2__FakeVideo-FakeAudio__Caucasian (European)__men__id00063__00021_id02567_4Ao5jgpSXdw_id00225_wavtolip.mp4,data\raw\FakeAVCeleb_v1.2\FakeVideo-FakeAudio\Caucasian (European)\men\id00063\00021_id02567_4Ao5jgpSXdw_id00225_wavtolip.mp4,1,FakeVideo-FakeAudio,Caucasian (European),men,id00063
FakeAVCeleb_v1.2,FakeAVCeleb_v1.2__FakeVideo-FakeAudio__Caucasian (European)__men__id00063__00021_id02567_wavtolip.mp4,data\raw\FakeAVCeleb_v1.2\FakeVideo-FakeAudio\Caucasian (European)\men\id00063\00021_id02567_wavtolip.mp4,1,FakeVideo-FakeAudio,Caucasian (European),men,id00063
FakeAVCeleb_v1.2,FakeAVCeleb_v1.2__FakeVideo-FakeAudio__Caucasian (European)__men__id00063__00021_id03205_gXytNIcANKw_id01099_wavtolip.mp4,data\raw\FakeAVCeleb_v1.2\FakeVideo-FakeAudio\Caucasian (European)\men\id00063\00021_id03205_gXytNIcANKw_id01099_wavtolip.mp4,1,FakeVideo-FakeAudio,Caucasian (European),men,id00063
FakeAVCeleb_v1.2,FakeAVCeleb_v1.2__FakeVideo-FakeAudio__Caucasian (European)__men__id00225__00078_id00063_wavtolip.mp4,data\raw\FakeAVCeleb_v1.2\FakeVideo-FakeAudio\Caucasian (European)\men\id00225\00078_id00063_wavtolip.mp4,1,FakeVideo-FakeAudio,Caucasian (European),men,id00225
FakeAVCeleb_v1.2,FakeAVCeleb_v1.2__FakeVideo-FakeAudio__Caucasian (European)__men__id00225__00078_id00171_PWU6n0qrv4c_id01126_wavtolip.mp4,data\raw\FakeAVCeleb_v1.2\FakeVideo-FakeAudio\Caucasian (European)\men\id00225\00078_id00171_PWU6n0qrv4c_id01126_wavtolip.mp4,1,FakeVideo-FakeAudio,Caucasian (European),men,id00225
FakeAVCeleb_v1.2,FakeAVCeleb_v1.2__FakeVideo-FakeAudio__Caucasian (European)__men__id00225__00078_id00185_1lsGWpwnl1M_id00559_wavtolip.mp4,data\raw\FakeAVCeleb_v1.2\FakeVideo-FakeAudio\Caucasian (European)\men\id00225\00078_id00185_1lsGWpwnl1M_id00559_wavtolip.mp4,1,FakeVideo-FakeAudio,Caucasian (European),men,id00225
FakeAVCeleb_v1.2,FakeAVCeleb_v1.2__FakeVideo-FakeAudio__Caucasian (European)__men__id00225__00078_id00187_dwaPMrJANMQ_id00981_wavtolip.mp4,data\raw\FakeAVCeleb_v1.2\FakeVideo-FakeAudio\Caucasian (European)\men\id00225\00078_id00187_dwaPMrJANMQ_id00981_wavtolip.mp4,1,FakeVideo-FakeAudio,Caucasian (European),men,id00225
FakeAVCeleb_v1.2,FakeAVCeleb_v1.2__FakeVideo-FakeAudio__Caucasian (European)__men__id00225__00078_id00305_wavtolip.mp4,data\raw\FakeAVCeleb_v1.2\FakeVideo-FakeAudio\Caucasian (European)\men\id00225\00078_id00305_wavtolip.mp4,1,FakeVideo-FakeAudio,Caucasian (European),men,id00225
FakeAVCeleb_v1.2,FakeAVCeleb_v1.2__FakeVideo-FakeAudio__Caucasian (European)__men__id00225__00078_id00358_vsVwGKy79kM_id00909_wavtolip.mp4,data\raw\FakeAVCeleb_v1.2\FakeVideo-FakeAudio\Caucasian (European)\men\id00225\00078_id00358_vsVwGKy79kM_id00909_wavtolip.mp4,1,FakeVideo-FakeAudio,Caucasian (European),men,id00225
FakeAVCeleb_v1.2,FakeAVCeleb_v1.2__FakeVideo-FakeAudio__Caucasian (European)__men__id00225__00078_id00358_wavtolip.mp4,data\raw\FakeAVCeleb_v1.2\FakeVideo-FakeAudio\Caucasian (European)\men\id00225\00078_id00358_wavtolip.mp4,1,FakeVideo-FakeAudio,Caucasian (European),men,id00225
FakeAVCeleb_v1.2,FakeAVCeleb_v1.2__FakeVideo-FakeAudio__Caucasian (European)__men__id00225__00078_id00415_wavtolip.mp4,data\raw\FakeAVCeleb_v1.2\FakeVideo-FakeAudio\Caucasian (European)\men\id00225\00078_id00415_wavtolip.mp4,1,FakeVideo-FakeAudio,Caucasian (European),men,id00225
FakeAVCeleb_v1.2,FakeAVCeleb_v1.2__FakeVideo-FakeAudio__Caucasian (European)__men__id00225__00078_id00519_riI0J9g9OG4_id00265_wavtolip.mp4,data\raw\FakeAVCeleb_v1.2\FakeVideo-FakeAudio\Caucasian (European)\men\id00225\00078_id00519_riI0J9g9OG4_id00265_wavtolip.mp4,1,FakeVideo-FakeAudio,Caucasian (European),men,id00225
FakeAVCeleb_v1.2,FakeAVCeleb_v1.2__FakeVideo-FakeAudio__Caucasian (European)__men__id00225__00078_id00594_wavtolip.mp4,data\raw\FakeAVCeleb_v1.2\FakeVideo-FakeAudio\Caucasian (European)\men\id00225\00078_id00594_wavtolip.mp4,1,FakeVideo-FakeAudio,Caucasian (European),men,id00225
FakeAVCeleb_v1.2,FakeAVCeleb_v1.2__FakeVideo-FakeAudio__Caucasian (European)__men__id00225__00078_id00709_Rh23ELMGsIQ_id01154_wavtolip.mp4,data\raw\FakeAVCeleb_v1.2\FakeVideo-FakeAudio\Caucasian (European)\men\id00225\00078_id00709_Rh23ELMGsIQ_id01154_wavtolip.mp4,1,FakeVideo-FakeAudio,Caucasian (European),men,id00225
FakeAVCeleb_v1.2,FakeAVCeleb_v1.2__FakeVideo-FakeAudio__Caucasian (European)__men__id00225__00078_id00919_wavtolip.mp4,data\raw\FakeAVCeleb_v1.2\FakeVideo-FakeAudio\Caucasian (European)\men\id00225\00078_id00919_wavtolip.mp4,1,FakeVideo-FakeAudio,Caucasian (European),men,id00225
FakeAVCeleb_v1.2,FakeAVCeleb_v1.2__FakeVideo-FakeAudio__Caucasian (European)__men__id00225__00078_id01051_jPxk6s6FM6Y_id00187_wavtolip.mp4,data\raw\FakeAVCeleb_v1.2\FakeVideo-FakeAudio\Caucasian (European)\men\id00225\00078_id01051_jPxk6s6FM6Y_id00187_wavtolip.mp4,1,FakeVideo-FakeAudio,Caucasian (European),men,id00225
FakeAVCeleb_v1.2,FakeAVCeleb_v1.2__FakeVideo-FakeAudio__Caucasian (European)__men__id00225__00078_id01052_wavtolip.mp4,data\raw\FakeAVCeleb_v1.2\FakeVideo-FakeAudio\Caucasian (European)\men\id00225\00078_id01052_wavtolip.mp4,1,FakeVideo-FakeAudio,Caucasian (European),men,id00225
FakeAVCeleb_v1.2,FakeAVCeleb_v1.2__FakeVideo-FakeAudio__Caucasian (European)__men__id00225__00078_id01058_wavtolip.mp4,data\raw\FakeAVCeleb_v1.2\FakeVideo-FakeAudio\Caucasian (European)\men\id00225\00078_id01058_wavtolip.mp4,1,FakeVideo-FakeAudio,Caucasian (European),men,id00225
FakeAVCeleb_v1.2,FakeAVCeleb_v1.2__FakeVideo-FakeAudio__Caucasian (European)__men__id00225__00078_id01098_BwmSumx6P1U_id01126_wavtolip.mp4,data\raw\FakeAVCeleb_v1.2\FakeVideo-FakeAudio\Caucasian (European)\men\id00225\00078_id01098_BwmSumx6P1U_id01126_wavtolip.mp4,1,FakeVideo-FakeAudio,Caucasian (European),men,id00225
FakeAVCeleb_v1.2,FakeAVCeleb_v1.2__FakeVideo-FakeAudio__Caucasian (European)__men__id00225__00078_id01098_wavtolip.mp4,data\raw\FakeAVCeleb_v1.2\FakeVideo-FakeAudio\Caucasian (European)\men\id00225\00078_id01098_wavtolip.mp4,1,FakeVideo-FakeAudio,Caucasian (European),men,id00225
FakeAVCeleb_v1.2,FakeAVCeleb_v1.2__FakeVideo-FakeAudio__Caucasian (European)__men__id00225__00078_id01102_aGFUkdgmo3A_id00358_wavtolip.mp4,data\raw\FakeAVCeleb_v1.2\FakeVideo-FakeAudio\Caucasian (European)\men\id00225\00078_id01102_aGFUkdgmo3A_id00358_wavtolip.mp4,1,FakeVideo-FakeAudio,Caucasian (European),men,id00225
FakeAVCeleb_v1.2,FakeAVCeleb_v1.2__FakeVideo-FakeAudio__Caucasian (European)__men__id00225__00078_id03205_wavtolip.mp4,data\raw\FakeAVCeleb_v1.2\FakeVideo-FakeAudio\Caucasian (European)\men\id00225\00078_id03205_wavtolip.mp4,1,FakeVideo-FakeAudio,Caucasian (European),men,id00225
FakeAVCeleb_v1.2,FakeAVCeleb_v1.2__FakeVideo-FakeAudio__Caucasian (European)__men__id00241__00015_0_id00187_wavtolip.mp4,data\raw\FakeAVCeleb_v1.2\FakeVideo-FakeAudio\Caucasian (European)\men\id00241\00015_0_id00187_wavtolip.mp4,1,FakeVideo-FakeAudio,Caucasian (European),men,id00241
FakeAVCeleb_v1.2,FakeAVCeleb_v1.2__FakeVideo-FakeAudio__Caucasian (European)__men__id00241__00015_0_id00253_wavtolip.mp4,data\raw\FakeAVCeleb_v1.2\FakeVideo-FakeAudio\Caucasian (European)\men\id00241\00015_0_id00253_wavtolip.mp4,1,FakeVideo-FakeAudio,Caucasian (European),men,id00241
FakeAVCeleb_v1.2,FakeAVCeleb_v1.2__FakeVideo-FakeAudio__Caucasian (European)__men__id00241__00015_0_id00519_wavtolip.mp4,data\raw\FakeAVCeleb_v1.2\FakeVideo-FakeAudio\Caucasian (European)\men\id00241\00015_0_id00519_wavtolip.mp4,1,FakeVideo-FakeAudio,Caucasian (European),men,id00241
FakeAVCeleb_v1.2,FakeAVCeleb_v1.2__FakeVideo-FakeAudio__Caucasian (European)__men__id00241__00015_0_id01154_wavtolip.mp4,data\raw\FakeAVCeleb_v1.2\FakeVideo-FakeAudio\Caucasian (European)\men\id00241\00015_0_id01154_wavtolip.mp4,1,FakeVideo-FakeAudio,Caucasian (European),men,id00241
FakeAVCeleb_v1.2,FakeAVCeleb_v1.2__FakeVideo-FakeAudio__Caucasian (European)__men__id00241__00015_0_id01157_wavtolip.mp4,data\raw\FakeAVCeleb_v1.2\FakeVideo-FakeAudio\Caucasian (European)\men\id00241\00015_0_id01157_wavtolip.mp4,1,FakeVideo-FakeAudio,Caucasian (European),men,id00241
FakeAVCeleb_v1.2,FakeAVCeleb_v1.2__FakeVideo-FakeAudio__Caucasian (European)__men__id00241__00015_1_id00192_wavtolip.mp4,data\raw\FakeAVCeleb_v1.2\FakeVideo-FakeAudio\Caucasian (European)\men\id00241\00015_1_id00192_wavtolip.mp4,1,FakeVideo-FakeAudio,Caucasian (European),men,id00241
FakeAVCeleb_v1.2,FakeAVCeleb_v1.2__FakeVideo-FakeAudio__Caucasian (European)__men__id00241__00015_1_id00241_wavtolip.mp4,data\raw\FakeAVCeleb_v1.2\FakeVideo-FakeAudio\Caucasian (European)\men\id00241\00015_1_id00241_wavtolip.mp4,1,FakeVideo-FakeAudio,Caucasian (European),men,id00241
FakeAVCeleb_v1.2,FakeAVCeleb_v1.2__FakeVideo-FakeAudio__Caucasian (European)__men__id00241__00015_1_id00305_wavtolip.mp4,data\raw\FakeAVCeleb_v1.2\FakeVideo-FakeAudio\Caucasian (European)\men\id00241\00015_1_id00305_wavtolip.mp4,1,FakeVideo-FakeAudio,Caucasian (European),men,id00241
FakeAVCeleb_v1.2,FakeAVCeleb_v1.2__FakeVideo-FakeAudio__Caucasian (European)__men__id00241__00015_1_id01154_wavtolip.mp4,data\raw\FakeAVCeleb_v1.2\FakeVideo-FakeAudio\Caucasian (European)\men\id00241\00015_1_id01154_wavtolip.mp4,1,FakeVideo-FakeAudio,Caucasian (European),men,id00241
FakeAVCeleb_v1.2,FakeAVCeleb_v1.2__FakeVideo-FakeAudio__Caucasian (European)__men__id00241__00015_1_id02567_wavtolip.mp4,data\raw\FakeAVCeleb_v1.2\FakeVideo-FakeAudio\Caucasian (European)\men\id00241\00015_1_id02567_wavtolip.mp4,1,FakeVideo-FakeAudio,Caucasian (European),men,id00241
FakeAVCeleb_v1.2,FakeAVCeleb_v1.2__FakeVideo-FakeAudio__Caucasian (European)__men__id00241__00015_2_id00063_wavtolip.mp4,data\raw\FakeAVCeleb_v1.2\FakeVideo-FakeAudio\Caucasian (European)\men\id00241\00015_2_id00063_wavtolip.mp4,1,FakeVideo-FakeAudio,Caucasian (European),men,id00241
FakeAVCeleb_v1.2,FakeAVCeleb_v1.2__FakeVideo-FakeAudio__Caucasian (European)__men__id00241__00015_2_id00520_wavtolip.mp4,data\raw\FakeAVCeleb_v1.2\FakeVideo-FakeAudio\Caucasian (European)\men\id00241\00015_2_id00520_wavtolip.mp4,1,FakeVideo-FakeAudio,Caucasian (European),men,id00241
FakeAVCeleb_v1.2,FakeAVCeleb_v1.2__FakeVideo-FakeAudio__Caucasian (European)__men__id00241__00015_2_id00594_wavtolip.mp4,data\raw\FakeAVCeleb_v1.2\FakeVideo-FakeAudio\Caucasian (European)\men\id00241\00015_2_id00594_wavtolip.mp4,1,FakeVideo-FakeAudio,Caucasian (European),men,id00241
FakeAVCeleb_v1.2,FakeAVCeleb_v1.2__FakeVideo-FakeAudio__Caucasian (European)__men__id00241__00015_2_id00963_wavtolip.mp4,data\raw\FakeAVCeleb_v1.2\FakeVideo-FakeAudio\Caucasian (European)\men\id00241\00015_2_id00963_wavtolip.mp4,1,FakeVideo-FakeAudio,Caucasian (European),men,id00241
FakeAVCeleb_v1.2,FakeAVCeleb_v1.2__FakeVideo-FakeAudio__Caucasian (European)__men__id00241__00015_2_id01052_wavtolip.mp4,data\raw\FakeAVCeleb_v1.2\FakeVideo-FakeAudio\Caucasian (European)\men\id00241\00015_2_id01052_wavtolip.mp4,1,FakeVideo-FakeAudio,Caucasian (European),men,id00241
FakeAVCeleb_v1.2,FakeAVCeleb_v1.2__FakeVideo-FakeAudio__Caucasian (European)__men__id00241__00015_id00055_wavtolip.mp4,data\raw\FakeAVCeleb_v1.2\FakeVideo-FakeAudio\Caucasian (European)\men\id00241\00015_id00055_wavtolip.mp4,1,FakeVideo-FakeAudio,Caucasian (European),men,id00241
FakeAVCeleb_v1.2,FakeAVCeleb_v1.2__FakeVideo-FakeAudio__Caucasian (European)__men__id00241__00015_id00063_cVZBXC2rjPM_id00594_wavtolip.mp4,data\raw\FakeAVCeleb_v1.2\FakeVideo-FakeAudio\Caucasian (European)\men\id00241\00015_id00063_cVZBXC2rjPM_id00594_wavtolip.mp4,1,FakeVideo-FakeAudio,Caucasian (European),men,id00241
FakeAVCeleb_v1.2,FakeAVCeleb_v1.2__FakeVideo-FakeAudio__Caucasian (European)__men__id00241__00015_id00192_By3wxX0dyDw_id01154_wavtolip.mp4,data\raw\FakeAVCeleb_v1.2\FakeVideo-FakeAudio\Caucasian (European)\men\id00241\00015_id00192_By3wxX0dyDw_id01154_wavtolip.mp4,1,FakeVideo-FakeAudio,Caucasian (European),men,id00241
FakeAVCeleb_v1.2,FakeAVCeleb_v1.2__FakeVideo-FakeAudio__Caucasian (European)__men__id00241__00015_id00253_cyTfcQDjvU0_id00241_wavtolip.mp4,data\raw\FakeAVCeleb_v1.2\FakeVideo-FakeAudio\Caucasian (European)\men\id00241\00015_id00253_cyTfcQDjvU0_id00241_wavtolip.mp4,1,FakeVideo-FakeAudio,Caucasian (European),men,id00241
FakeAVCeleb_v1.2,FakeAVCeleb_v1.2__FakeVideo-FakeAudio__Caucasian (European)__men__id00241__00015_id00368_KohcGDsg29U_id00520_wavtolip.mp4,data\raw\FakeAVCeleb_v1.2\FakeVideo-FakeAudio\Caucasian (European)\men\id00241\00015_id00368_KohcGDsg29U_id00520_wavtolip.mp4,1,FakeVideo-FakeAudio,Caucasian (European),men,id00241
FakeAVCeleb_v1.2,FakeAVCeleb_v1.2__FakeVideo-FakeAudio__Caucasian (European)__men__id00241__00015_id00415_saYfEadFy_s_id00694_wavtolip.mp4,data\raw\FakeAVCeleb_v1.2\FakeVideo-FakeAudio\Caucasian (European)\men\id00241\00015_id00415_saYfEadFy_s_id00694_wavtolip.mp4,1,FakeVideo-FakeAudio,Caucasian (European),men,id00241
FakeAVCeleb_v1.2,FakeAVCeleb_v1.2__FakeVideo-FakeAudio__Caucasian (European)__men__id00241__00015_id00535_wavtolip.mp4,data\raw\FakeAVCeleb_v1.2\FakeVideo-FakeAudio\Caucasian (European)\men\id00241\00015_id00535_wavtolip.mp4,1,FakeVideo-FakeAudio,Caucasian (European),men,id00241
FakeAVCeleb_v1.2,FakeAVCeleb_v1.2__FakeVideo-FakeAudio__Caucasian (European)__men__id00241__00015_id00554_crjq1dFN1Ko_id00265_wavtolip.mp4,data\raw\FakeAVCeleb_v1.2\FakeVideo-FakeAudio\Caucasian (European)\men\id00241\00015_id00554_crjq1dFN1Ko_id00265_wavtolip.mp4,1,FakeVideo-FakeAudio,Caucasian (European),men,id00241
FakeAVCeleb_v1.2,FakeAVCeleb_v1.2__FakeVideo-FakeAudio__Caucasian (European)__men__id00241__00015_id00594_wavtolip.mp4,data\raw\FakeAVCeleb_v1.2\FakeVideo-FakeAudio\Caucasian (European)\men\id00241\00015_id00594_wavtolip.mp4,1,FakeVideo-FakeAudio,Caucasian (European),men,id00241
FakeAVCeleb_v1.2,FakeAVCeleb_v1.2__FakeVideo-FakeAudio__Caucasian (European)__men__id00241__00015_id00909_wavtolip.mp4,data\raw\FakeAVCeleb_v1.2\FakeVideo-FakeAudio\Caucasian (European)\men\id00241\00015_id00909_wavtolip.mp4,1,FakeVideo-FakeAudio,Caucasian (European),men,id00241
FakeAVCeleb_v1.2,FakeAVCeleb_v1.2__FakeVideo-FakeAudio__Caucasian (European)__men__id00241__00015_id00919_wavtolip.mp4,data\raw\FakeAVCeleb_v1.2\FakeVideo-FakeAudio\Caucasian (European)\men\id00241\00015_id00919_wavtolip.mp4,1,FakeVideo-FakeAudio,Caucasian (European),men,id00241
FakeAVCeleb_v1.2,FakeAVCeleb_v1.2__FakeVideo-FakeAudio__Caucasian (European)__men__id00241__00015_id00946_wavtolip.mp4,data\raw\FakeAVCeleb_v1.2\FakeVideo-FakeAudio\Caucasian (European)\men\id00241\00015_id00946_wavtolip.mp4,1,FakeVideo-FakeAudio,Caucasian (European),men,id00241
FakeAVCeleb_v1.2,FakeAVCeleb_v1.2__FakeVideo-FakeAudio__Caucasian (European)__men__id00241__00015_id00963_wavtolip.mp4,data\raw\FakeAVCeleb_v1.2\FakeVideo-FakeAudio\Caucasian (European)\men\id00241\00015_id00963_wavtolip.mp4,1,FakeVideo-FakeAudio,Caucasian (European),men,id00241
FakeAVCeleb_v1.2,FakeAVCeleb_v1.2__FakeVideo-FakeAudio__Caucasian (European)__men__id00241__00015_id00990_wavtolip.mp4,data\raw\FakeAVCeleb_v1.2\FakeVideo-FakeAudio\Caucasian (European)\men\id00241\00015_id00990_wavtolip.mp4,1,FakeVideo-FakeAudio,Caucasian (European),men,id00241
FakeAVCeleb_v1.2,FakeAVCeleb_v1.2__FakeVideo-FakeAudio__Caucasian (European)__men__id00241__00015_id00999_SjnM4XFBz0M_id01052_wavtolip.mp4,data\raw\FakeAVCeleb_v1.2\FakeVideo-FakeAudio\Caucasian (European)\men\id00241\00015_id00999_SjnM4XFBz0M_id01052_wavtolip.mp4,1,FakeVideo-FakeAudio,Caucasian (European),men,id00241
FakeAVCeleb_v1.2,FakeAVCeleb_v1.2__FakeVideo-FakeAudio__Caucasian (European)__men__id00241__00015_id01058_wavtolip.mp4,data\raw\FakeAVCeleb_v1.2\FakeVideo-FakeAudio\Caucasian (European)\men\id00241\00015_id01058_wavtolip.mp4,1,FakeVideo-FakeAudio,Caucasian (European),men,id00241
FakeAVCeleb_v1.2,FakeAVCeleb_v1.2__FakeVideo-FakeAudio__Caucasian (European)__men__id00241__00015_id01099_wavtolip.mp4,data\raw\FakeAVCeleb_v1.2\FakeVideo-FakeAudio\Caucasian (European)\men\id00241\00015_id01099_wavtolip.mp4,1,FakeVideo-FakeAudio,Caucasian (European),men,id00241
FakeAVCeleb_v1.2,FakeAVCeleb_v1.2__FakeVideo-FakeAudio__Caucasian (European)__men__id00241__00015_id01126_zorX3gXf_vg_id01099_wavtolip.mp4,data\raw\FakeAVCeleb_v1.2\FakeVideo-FakeAudio\Caucasian (European)\men\id00241\00015_id01126_zorX3gXf_vg_id01099_wavtolip.mp4,1,FakeVideo-FakeAudio,Caucasian (European),men,id00241
FakeAVCeleb_v1.2,FakeAVCeleb_v1.2__FakeVideo-FakeAudio__Caucasian (European)__men__id00241__00015_id01157_yDgqfOWVKko_id00292_wavtolip.mp4,data\raw\FakeAVCeleb_v1.2\FakeVideo-FakeAudio\Caucasian (European)\men\id00241\00015_id01157_yDgqfOWVKko_id00292_wavtolip.mp4,1,FakeVideo-FakeAudio,Caucasian (European),men,id00241
FakeAVCeleb_v1.2,FakeAVCeleb_v1.2__FakeVideo-FakeAudio__Caucasian (European)__men__id00241__00015_id02567_4Ao5jgpSXdw_id01052_wavtolip.mp4,data\raw\FakeAVCeleb_v1.2\FakeVideo-FakeAudio\Caucasian (European)\men\id00241\00015_id02567_4Ao5jgpSXdw_id01052_wavtolip.mp4,1,FakeVideo-FakeAudio,Caucasian (European),men,id00241
FakeAVCeleb_v1.2,FakeAVCeleb_v1.2__FakeVideo-FakeAudio__Caucasian (European)__men__id00548__00015_id00063_cVZBXC2rjPM_id01154_wavtolip.mp4,data\raw\FakeAVCeleb_v1.2\FakeVideo-FakeAudio\Caucasian (European)\men\id00548\00015_id00063_cVZBXC2rjPM_id01154_wavtolip.mp4,1,FakeVideo-FakeAudio,Caucasian (European),men,id00548
FakeAVCeleb_v1.2,FakeAVCeleb_v1.2__FakeVideo-FakeAudio__Caucasian (European)__men__id00548__00015_id00241_DlI4wqSFwbI_id00963_wavtolip.mp4,data\raw\FakeAVCeleb_v1.2\FakeVideo-FakeAudio\Caucasian (European)\men\id00548\00015_id00241_DlI4wqSFwbI_id00963_wavtolip.mp4,1,FakeVideo-FakeAudio,Caucasian (European),men,id00548
FakeAVCeleb_v1.2,FakeAVCeleb_v1.2__FakeVideo-FakeAudio__Caucasian (European)__men__id00548__00015_id00282_wavtolip.mp4,data\raw\FakeAVCeleb_v1.2\FakeVideo-FakeAudio\Caucasian (European)\men\id00548\00015_id00282_wavtolip.mp4,1,FakeVideo-FakeAudio,Caucasian (European),men,id00548
FakeAVCeleb_v1.2,FakeAVCeleb_v1.2__FakeVideo-FakeAudio__Caucasian (European)__men__id00548__00015_id00306_CDX55F3nWNc_id00192_wavtolip.mp4,data\raw\FakeAVCeleb_v1.2\FakeVideo-FakeAudio\Caucasian (European)\men\id00548\00015_id00306_CDX55F3nWNc_id00192_wavtolip.mp4,1,FakeVideo-FakeAudio,Caucasian (European),men,id00548
FakeAVCeleb_v1.2,FakeAVCeleb_v1.2__FakeVideo-FakeAudio__Caucasian (European)__men__id00548__00015_id00358_vsVwGKy79kM_id00306_wavtolip.mp4,data\raw\FakeAVCeleb_v1.2\FakeVideo-FakeAudio\Caucasian (European)\men\id00548\00015_id00358_vsVwGKy79kM_id00306_wavtolip.mp4,1,FakeVideo-FakeAudio,Caucasian (European),men,id00548
FakeAVCeleb_v1.2,FakeAVCeleb_v1.2__FakeVideo-FakeAudio__Caucasian (European)__men__id00548__00015_id00368_KohcGDsg29U_id01051_wavtolip.mp4,data\raw\FakeAVCeleb_v1.2\FakeVideo-FakeAudio\Caucasian (European)\men\id00548\00015_id00368_KohcGDsg29U_id01051_wavtolip.mp4,1,FakeVideo-FakeAudio,Caucasian (European),men,id00548
FakeAVCeleb_v1.2,FakeAVCeleb_v1.2__FakeVideo-FakeAudio__Caucasian (European)__men__id00548__00015_id00368_wavtolip.mp4,data\raw\FakeAVCeleb_v1.2\FakeVideo-FakeAudio\Caucasian (European)\men\id00548\00015_id00368_wavtolip.mp4,1,FakeVideo-FakeAudio,Caucasian (European),men,id00548
FakeAVCeleb_v1.2,FakeAVCeleb_v1.2__FakeVideo-FakeAudio__Caucasian (European)__men__id00548__00015_id00415_wavtolip.mp4,data\raw\FakeAVCeleb_v1.2\FakeVideo-FakeAudio\Caucasian (European)\men\id00548\00015_id00415_wavtolip.mp4,1,FakeVideo-FakeAudio,Caucasian (European),men,id00548
FakeAVCeleb_v1.2,FakeAVCeleb_v1.2__FakeVideo-FakeAudio__Caucasian (European)__men__id00548__00015_id00594_wavtolip.mp4,data\raw\FakeAVCeleb_v1.2\FakeVideo-FakeAudio\Caucasian (European)\men\id00548\00015_id00594_wavtolip.mp4,1,FakeVideo-FakeAudio,Caucasian (European),men,id00548
FakeAVCeleb_v1.2,FakeAVCeleb_v1.2__FakeVideo-FakeAudio__Caucasian (European)__men__id00548__00015_id00709_Rh23ELMGsIQ_id01157_wavtolip.mp4,data\raw\FakeAVCeleb_v1.2\FakeVideo-FakeAudio\Caucasian (European)\men\id00548\00015_id00709_Rh23ELMGsIQ_id01157_wavtolip.mp4,1,FakeVideo-FakeAudio,Caucasian (European),men,id00548
FakeAVCeleb_v1.2,FakeAVCeleb_v1.2__FakeVideo-FakeAudio__Caucasian (European)__men__id00548__00015_id00909_nEQbKqo1XCs_id01156_wavtolip.mp4,data\raw\FakeAVCeleb_v1.2\FakeVideo-FakeAudio\Caucasian (European)\men\id00548\00015_id00909_nEQbKqo1XCs_id01156_wavtolip.mp4,1,FakeVideo-FakeAudio,Caucasian (European),men,id00548
FakeAVCeleb_v1.2,FakeAVCeleb_v1.2__FakeVideo-FakeAudio__Caucasian (European)__men__id00548__00015_id00919_wavtolip.mp4,data\raw\FakeAVCeleb_v1.2\FakeVideo-FakeAudio\Caucasian (European)\men\id00548\00015_id00919_wavtolip.mp4,1,FakeVideo-FakeAudio,Caucasian (European),men,id00548
FakeAVCeleb_v1.2,FakeAVCeleb_v1.2__FakeVideo-FakeAudio__Caucasian (European)__men__id00548__00015_id00999_wavtolip.mp4,data\raw\FakeAVCeleb_v1.2\FakeVideo-FakeAudio\Caucasian (European)\men\id00548\00015_id00999_wavtolip.mp4,1,FakeVideo-FakeAudio,Caucasian (European),men,id00548
FakeAVCeleb_v1.2,FakeAVCeleb_v1.2__FakeVideo-FakeAudio__Caucasian (European)__men__id00548__00015_id01052_Kf4nlIEHfaU_id00990_wavtolip.mp4,data\raw\FakeAVCeleb_v1.2\FakeVideo-FakeAudio\Caucasian (European)\men\id00548\00015_id01052_Kf4nlIEHfaU_id00990_wavtolip.mp4,1,FakeVideo-FakeAudio,Caucasian (European),men,id00548
FakeAVCeleb_v1.2,FakeAVCeleb_v1.2__FakeVideo-FakeAudio__Caucasian (European)__men__id00548__00015_id01052_wavtolip.mp4,data\raw\FakeAVCeleb_v1.2\FakeVideo-FakeAudio\Caucasian (European)\men\id00548\00015_id01052_wavtolip.mp4,1,FakeVideo-FakeAudio,Caucasian (European),men,id00548
FakeAVCeleb_v1.2,FakeAVCeleb_v1.2__FakeVideo-FakeAudio__Caucasian (European)__men__id00548__00015_id01098_wavtolip.mp4,data\raw\FakeAVCeleb_v1.2\FakeVideo-FakeAudio\Caucasian (European)\men\id00548\00015_id01098_wavtolip.mp4,1,FakeVideo-FakeAudio,Caucasian (European),men,id00548
FakeAVCeleb_v1.2,FakeAVCeleb_v1.2__FakeVideo-FakeAudio__Caucasian (European)__men__id00548__00015_id01102_aGFUkdgmo3A_id00266_wavtolip.mp4,data\raw\FakeAVCeleb_v1.2\FakeVideo-FakeAudio\Caucasian (European)\men\id00548\00015_id01102_aGFUkdgmo3A_id00266_wavtolip.mp4,1,FakeVideo-FakeAudio,Caucasian (European),men,id00548
FakeAVCeleb_v1.2,FakeAVCeleb_v1.2__FakeVideo-FakeAudio__Caucasian (European)__men__id00548__00015_id01123_wavtolip.mp4,data\raw\FakeAVCeleb_v1.2\FakeVideo-FakeAudio\Caucasian (European)\men\id00548\00015_id01123_wavtolip.mp4,1,FakeVideo-FakeAudio,Caucasian (European),men,id00548
FakeAVCeleb_v1.2,FakeAVCeleb_v1.2__FakeVideo-FakeAudio__Caucasian (European)__men__id00548__00015_id01154_wavtolip.mp4,data\raw\FakeAVCeleb_v1.2\FakeVideo-FakeAudio\Caucasian (European)\men\id00548\00015_id01154_wavtolip.mp4,1,FakeVideo-FakeAudio,Caucasian (European),men,id00548
FakeAVCeleb_v1.2,FakeAVCeleb_v1.2__FakeVideo-FakeAudio__Caucasian (European)__men__id00548__00015_id02567_4Ao5jgpSXdw_id01058_wavtolip.mp4,data\raw\FakeAVCeleb_v1.2\FakeVideo-FakeAudio\Caucasian (European)\men\id00548\00015_id02567_4Ao5jgpSXdw_id01058_wavtolip.mp4,1,FakeVideo-FakeAudio,Caucasian (European),men,id00548
FakeAVCeleb_v1.2,FakeAVCeleb_v1.2__FakeVideo-FakeAudio__Caucasian (European)__men__id01123__00072_id00063_cVZBXC2rjPM_id00265_wavtolip.mp4,data\raw\FakeAVCeleb_v1.2\FakeVideo-FakeAudio\Caucasian (European)\men\id01123\00072_id00063_cVZBXC2rjPM_id00265_wavtolip.mp4,1,FakeVideo-FakeAudio,Caucasian (European),men,id01123
FakeAVCeleb_v1.2,FakeAVCeleb_v1.2__FakeVideo-FakeAudio__Caucasian (European)__men__id01123__00072_id00186_wavtolip.mp4,data\raw\FakeAVCeleb_v1.2\FakeVideo-FakeAudio\Caucasian (European)\men\id01123\00072_id00186_wavtolip.mp4,1,FakeVideo-FakeAudio,Caucasian (European),men,id01123
FakeAVCeleb_v1.2,FakeAVCeleb_v1.2__FakeVideo-FakeAudio__Caucasian (European)__men__id01123__00072_id00282_iTsqWj6GEbo_id01154_wavtolip.mp4,data\raw\FakeAVCeleb_v1.2\FakeVideo-FakeAudio\Caucasian (European)\men\id01123\00072_id00282_iTsqWj6GEbo_id01154_wavtolip.mp4,1,FakeVideo-FakeAudio,Caucasian (European),men,id01123
FakeAVCeleb_v1.2,FakeAVCeleb_v1.2__FakeVideo-FakeAudio__Caucasian (European)__men__id01123__00072_id00292_qELK8N_DykA_id00063_wavtolip.mp4,data\raw\FakeAVCeleb_v1.2\FakeVideo-FakeAudio\Caucasian (European)\men\id01123\00072_id00292_qELK8N_DykA_id00063_wavtolip.mp4,1,FakeVideo-FakeAudio,Caucasian (European),men,id01123
FakeAVCeleb_v1.2,FakeAVCeleb_v1.2__FakeVideo-FakeAudio__Caucasian (European)__men__id01123__00072_id00305_LdcY3ILdQrE_id00282_wavtolip.mp4,data\raw\FakeAVCeleb_v1.2\FakeVideo-FakeAudio\Caucasian (European)\men\id01123\00072_id00305_LdcY3ILdQrE_id00282_wavtolip.mp4,1,FakeVideo-FakeAudio,Caucasian (European),men,id01123
FakeAVCeleb_v1.2,FakeAVCeleb_v1.2__FakeVideo-FakeAudio__Caucasian (European)__men__id01123__00072_id00498_N_BjyJsx80g_id00535_wavtolip.mp4,data\raw\FakeAVCeleb_v1.2\FakeVideo-FakeAudio\Caucasian (European)\men\id01123\00072_id00498_N_BjyJsx80g_id00535_wavtolip.mp4,1,FakeVideo-FakeAudio,Caucasian (European),men,id01123
FakeAVCeleb_v1.2,FakeAVCeleb_v1.2__FakeVideo-FakeAudio__Caucasian (European)__men__id01123__00072_id00498_wavtolip.mp4,data\raw\FakeAVCeleb_v1.2\FakeVideo-FakeAudio\Caucasian (European)\men\id01123\00072_id00498_wavtolip.mp4,1,FakeVideo-FakeAudio,Caucasian (European),men,id01123
FakeAVCeleb_v1.2,FakeAVCeleb_v1.2__FakeVideo-FakeAudio__Caucasian (European)__men__id01123__00072_id00520_wavtolip.mp4,data\raw\FakeAVCeleb_v1.2\FakeVideo-FakeAudio\Caucasian (European)\men\id01123\00072_id00520_wavtolip.mp4,1,FakeVideo-FakeAudio,Caucasian (European),men,id01123
FakeAVCeleb_v1.2,FakeAVCeleb_v1.2__FakeVideo-FakeAudio__Caucasian (European)__men__id01123__00072_id00535_wavtolip.mp4,data\raw\FakeAVCeleb_v1.2\FakeVideo-FakeAudio\Caucasian (European)\men\id01123\00072_id00535_wavtolip.mp4,1,FakeVideo-FakeAudio,Caucasian (European),men,id01123
FakeAVCeleb_v1.2,FakeAVCeleb_v1.2__FakeVideo-FakeAudio__Caucasian (European)__men__id01123__00072_id00554_crjq1dFN1Ko_id01156_wavtolip.mp4,data\raw\FakeAVCeleb_v1.2\FakeVideo-FakeAudio\Caucasian (European)\men\id01123\00072_id00554_crjq1dFN1Ko_id01156_wavtolip.mp4,1,FakeVideo-FakeAudio,Caucasian (European),men,id01123
FakeAVCeleb_v1.2,FakeAVCeleb_v1.2__FakeVideo-FakeAudio__Caucasian (European)__men__id01123__00072_id00559_Y7ovoKuvL78_id00694_wavtolip.mp4,data\raw\FakeAVCeleb_v1.2\FakeVideo-FakeAudio\Caucasian (European)\men\id01123\00072_id00559_Y7ovoKuvL78_id00694_wavtolip.mp4,1,FakeVideo-FakeAudio,Caucasian (European),men,id01123
FakeAVCeleb_v1.2,FakeAVCeleb_v1.2__FakeVideo-FakeAudio__Caucasian (European)__men__id01123__00072_id00694_fIQsOJG81w4_id02567_wavtolip.mp4,data\raw\FakeAVCeleb_v1.2\FakeVideo-FakeAudio\Caucasian (European)\men\id01123\00072_id00694_fIQsOJG81w4_id02567_wavtolip.mp4,1,FakeVideo-FakeAudio,Caucasian (European),men,id01123
FakeAVCeleb_v1.2,FakeAVCeleb_v1.2__FakeVideo-FakeAudio__Caucasian (European)__men__id01123__00072_id00709_wavtolip.mp4,data\raw\FakeAVCeleb_v1.2\FakeVideo-FakeAudio\Caucasian (European)\men\id01123\00072_id00709_wavtolip.mp4,1,FakeVideo-FakeAudio,Caucasian (European),men,id01123
FakeAVCeleb_v1.2,FakeAVCeleb_v1.2__FakeVideo-FakeAudio__Caucasian (European)__men__id01123__00072_id00909_nEQbKqo1XCs_id00963_wavtolip.mp4,data\raw\FakeAVCeleb_v1.2\FakeVideo-FakeAudio\Caucasian (European)\men\id01123\00072_id00909_nEQbKqo1XCs_id00963_wavtolip.mp4,1,FakeVideo-FakeAudio,Caucasian (European),men,id01123
FakeAVCeleb_v1.2,FakeAVCeleb_v1.2__FakeVideo-FakeAudio__Caucasian (European)__men__id01123__00072_id00981_wavtolip.mp4,data\raw\FakeAVCeleb_v1.2\FakeVideo-FakeAudio\Caucasian (European)\men\id01123\00072_id00981_wavtolip.mp4,1,FakeVideo-FakeAudio,Caucasian (European),men,id01123
FakeAVCeleb_v1.2,FakeAVCeleb_v1.2__FakeVideo-FakeAudio__Caucasian (European)__men__id01123__00072_id00999_wavtolip.mp4,data\raw\FakeAVCeleb_v1.2\FakeVideo-FakeAudio\Caucasian (European)\men\id01123\00072_id00999_wavtolip.mp4,1,FakeVideo-FakeAudio,Caucasian (European),men,id01123
FakeAVCeleb_v1.2,FakeAVCeleb_v1.2__FakeVideo-FakeAudio__Caucasian (European)__men__id01123__00072_id01051_wavtolip.mp4,data\raw\FakeAVCeleb_v1.2\FakeVideo-FakeAudio\Caucasian (European)\men\id01123\00072_id01051_wavtolip.mp4,1,FakeVideo-FakeAudio,Caucasian (European),men,id01123
FakeAVCeleb_v1.2,FakeAVCeleb_v1.2__FakeVideo-FakeAudio__Caucasian (European)__men__id01123__00072_id01126_wavtolip.mp4,data\raw\FakeAVCeleb_v1.2\FakeVideo-FakeAudio\Caucasian (European)\men\id01123\00072_id01126_wavtolip.mp4,1,FakeVideo-FakeAudio,Caucasian (European),men,id01123
FakeAVCeleb_v1.2,FakeAVCeleb_v1.2__FakeVideo-FakeAudio__Caucasian (European)__men__id01123__00072_id01126_zorX3gXf_vg_id00253_wavtolip.mp4,data\raw\FakeAVCeleb_v1.2\FakeVideo-FakeAudio\Caucasian (European)\men\id01123\00072_id01126_zorX3gXf_vg_id00253_wavtolip.mp4,1,FakeVideo-FakeAudio,Caucasian (European),men,id01123
FakeAVCeleb_v1.2,FakeAVCeleb_v1.2__FakeVideo-FakeAudio__Caucasian (European)__men__id01123__00072_id01157_wavtolip.mp4,data\raw\FakeAVCeleb_v1.2\FakeVideo-FakeAudio\Caucasian (European)\men\id01123\00072_id01157_wavtolip.mp4,1,FakeVideo-FakeAudio,Caucasian (European),men,id01123
FakeAVCeleb_v1.2,FakeAVCeleb_v1.2__FakeVideo-FakeAudio__Caucasian (European)__men__id01126__00040_id00183_z2DhZllPWUQ_id00594_wavtolip.mp4,data\raw\FakeAVCeleb_v1.2\FakeVideo-FakeAudio\Caucasian (European)\men\id01126\00040_id00183_z2DhZllPWUQ_id00594_wavtolip.mp4,1,FakeVideo-FakeAudio,Caucasian (European),men,id01126
FakeAVCeleb_v1.2,FakeAVCeleb_v1.2__FakeVideo-FakeAudio__Caucasian (European)__men__id01126__00040_id00241_DlI4wqSFwbI_id01051_wavtolip.mp4,data\raw\FakeAVCeleb_v1.2\FakeVideo-FakeAudio\Caucasian (European)\men\id01126\00040_id00241_DlI4wqSFwbI_id01051_wavtolip.mp4,1,FakeVideo-FakeAudio,Caucasian (European),men,id01126
FakeAVCeleb_v1.2,FakeAVCeleb_v1.2__FakeVideo-FakeAudio__Caucasian (European)__men__id01126__00040_id00253_cyTfcQDjvU0_id00266_wavtolip.mp4,data\raw\FakeAVCeleb_v1.2\FakeVideo-FakeAudio\Caucasian (European)\men\id01126\00040_id00253_cyTfcQDjvU0_id00266_wavtolip.mp4,1,FakeVideo-FakeAudio,Caucasian (European),men,id01126
FakeAVCeleb_v1.2,FakeAVCeleb_v1.2__FakeVideo-FakeAudio__Caucasian (European)__men__id01126__00040_id00265_dZq57FoxXR4_id00519_wavtolip.mp4,data\raw\FakeAVCeleb_v1.2\FakeVideo-FakeAudio\Caucasian (European)\men\id01126\00040_id00265_dZq57FoxXR4_id00519_wavtolip.mp4,1,FakeVideo-FakeAudio,Caucasian (European),men,id01126
FakeAVCeleb_v1.2,FakeAVCeleb_v1.2__FakeVideo-FakeAudio__Caucasian (European)__men__id01126__00040_id00282_wavtolip.mp4,data\raw\FakeAVCeleb_v1.2\FakeVideo-FakeAudio\Caucasian (European)\men\id01126\00040_id00282_wavtolip.mp4,1,FakeVideo-FakeAudio,Caucasian (European),men,id01126
FakeAVCeleb_v1.2,FakeAVCeleb_v1.2__FakeVideo-FakeAudio__Caucasian (European)__men__id01126__00040_id00305_LdcY3ILdQrE_id01099_wavtolip.mp4,data\raw\FakeAVCeleb_v1.2\FakeVideo-FakeAudio\Caucasian (European)\men\id01126\00040_id00305_LdcY3ILdQrE_id01099_wavtolip.mp4,1,FakeVideo-FakeAudio,Caucasian (European),men,id01126
FakeAVCeleb_v1.2,FakeAVCeleb_v1.2__FakeVideo-FakeAudio__Caucasian (European)__men__id01126__00040_id00535_BhvTIJ-YG5s_id00368_wavtolip.mp4,data\raw\FakeAVCeleb_v1.2\FakeVideo-FakeAudio\Caucasian (European)\men\id01126\00040_id00535_BhvTIJ-YG5s_id00368_wavtolip.mp4,1,FakeVideo-FakeAudio,Caucasian (European),men,id01126
FakeAVCeleb_v1.2,FakeAVCeleb_v1.2__FakeVideo-FakeAudio__Caucasian (European)__men__id01126__00040_id00559_wavtolip.mp4,data\raw\FakeAVCeleb_v1.2\FakeVideo-FakeAudio\Caucasian (European)\men\id01126\00040_id00559_wavtolip.mp4,1,FakeVideo-FakeAudio,Caucasian (European),men,id01126
FakeAVCeleb_v1.2,FakeAVCeleb_v1.2__FakeVideo-FakeAudio__Caucasian (European)__men__id01126__00040_id00559_Y7ovoKuvL78_id00559_wavtolip.mp4,data\raw\FakeAVCeleb_v1.2\FakeVideo-FakeAudio\Caucasian (European)\men\id01126\00040_id00559_Y7ovoKuvL78_id00559_wavtolip.mp4,1,FakeVideo-FakeAudio,Caucasian (European),men,id01126
FakeAVCeleb_v1.2,FakeAVCeleb_v1.2__FakeVideo-FakeAudio__Caucasian (European)__men__id01126__00040_id00909_wavtolip.mp4,data\raw\FakeAVCeleb_v1.2\FakeVideo-FakeAudio\Caucasian (European)\men\id01126\00040_id00909_wavtolip.mp4,1,FakeVideo-FakeAudio,Caucasian (European),men,id01126
FakeAVCeleb_v1.2,FakeAVCeleb_v1.2__FakeVideo-FakeAudio__Caucasian (European)__men__id01126__00040_id00919_wavtolip.mp4,data\raw\FakeAVCeleb_v1.2\FakeVideo-FakeAudio\Caucasian (European)\men\id01126\00040_id00919_wavtolip.mp4,1,FakeVideo-FakeAudio,Caucasian (European),men,id01126
FakeAVCeleb_v1.2,FakeAVCeleb_v1.2__FakeVideo-FakeAudio__Caucasian (European)__men__id01126__00040_id00946_wavtolip.mp4,data\raw\FakeAVCeleb_v1.2\FakeVideo-FakeAudio\Caucasian (European)\men\id01126\00040_id00946_wavtolip.mp4,1,FakeVideo-FakeAudio,Caucasian (European),men,id01126
FakeAVCeleb_v1.2,FakeAVCeleb_v1.2__FakeVideo-FakeAudio__Caucasian (European)__men__id01126__00040_id00963_wavtolip.mp4,data\raw\FakeAVCeleb_v1.2\FakeVideo-FakeAudio\Caucasian (European)\men\id01126\00040_id00963_wavtolip.mp4,1,FakeVideo-FakeAudio,Caucasian (European),men,id01126
FakeAVCeleb_v1.2,FakeAVCeleb_v1.2__FakeVideo-FakeAudio__Caucasian (European)__men__id01126__00040_id01052_wavtolip.mp4,data\raw\FakeAVCeleb_v1.2\FakeVideo-FakeAudio\Caucasian (European)\men\id01126\00040_id01052_wavtolip.mp4,1,FakeVideo-FakeAudio,Caucasian (European),men,id01126
FakeAVCeleb_v1.2,FakeAVCeleb_v1.2__FakeVideo-FakeAudio__Caucasian (European)__men__id01126__00040_id01099_wavtolip.mp4,data\raw\FakeAVCeleb_v1.2\FakeVideo-FakeAudio\Caucasian (European)\men\id01126\00040_id01099_wavtolip.mp4,1,FakeVideo-FakeAudio,Caucasian (European),men,id01126
FakeAVCeleb_v1.2,FakeAVCeleb_v1.2__FakeVideo-FakeAudio__Caucasian (European)__men__id01126__00040_id01099_ZpgbIKxzkrg_id01126_wavtolip.mp4,data\raw\FakeAVCeleb_v1.2\FakeVideo-FakeAudio\Caucasian (European)\men\id01126\00040_id01099_ZpgbIKxzkrg_id01126_wavtolip.mp4,1,FakeVideo-FakeAudio,Caucasian (European),men,id01126
FakeAVCeleb_v1.2,FakeAVCeleb_v1.2__FakeVideo-FakeAudio__Caucasian (European)__men__id01126__00040_id01102_aGFUkdgmo3A_id00183_wavtolip.mp4,data\raw\FakeAVCeleb_v1.2\FakeVideo-FakeAudio\Caucasian (European)\men\id01126\00040_id01102_aGFUkdgmo3A_id00183_wavtolip.mp4,1,FakeVideo-FakeAudio,Caucasian (European),men,id01126
FakeAVCeleb_v1.2,FakeAVCeleb_v1.2__FakeVideo-FakeAudio__Caucasian (European)__men__id01126__00040_id01102_wavtolip.mp4,data\raw\FakeAVCeleb_v1.2\FakeVideo-FakeAudio\Caucasian (European)\men\id01126\00040_id01102_wavtolip.mp4,1,FakeVideo-FakeAudio,Caucasian (European),men,id01126
FakeAVCeleb_v1.2,FakeAVCeleb_v1.2__FakeVideo-FakeAudio__Caucasian (European)__men__id01126__00040_id01156_wavtolip.mp4,data\raw\FakeAVCeleb_v1.2\FakeVideo-FakeAudio\Caucasian (European)\men\id01126\00040_id01156_wavtolip.mp4,1,FakeVideo-FakeAudio,Caucasian (European),men,id01126
FakeAVCeleb_v1.2,FakeAVCeleb_v1.2__FakeVideo-FakeAudio__Caucasian (European)__men__id01126__00040_id02567_4Ao5jgpSXdw_id00981_wavtolip.mp4,data\raw\FakeAVCeleb_v1.2\FakeVideo-FakeAudio\Caucasian (European)\men\id01126\00040_id02567_4Ao5jgpSXdw_id00981_wavtolip.mp4,1,FakeVideo-FakeAudio,Caucasian (European),men,id01126
FakeAVCeleb_v1.2,FakeAVCeleb_v1.2__FakeVideo-FakeAudio__Caucasian (European)__women__id00068__00004_1_id00262_wavtolip.mp4,data\raw\FakeAVCeleb_v1.2\FakeVideo-FakeAudio\Caucasian (European)\women\id00068\00004_1_id00262_wavtolip.mp4,1,FakeVideo-FakeAudio,Caucasian (European),women,id00068
FakeAVCeleb_v1.2,FakeAVCeleb_v1.2__FakeVideo-FakeAudio__Caucasian (European)__women__id00068__00004_1_id00373_wavtolip.mp4,data\raw\FakeAVCeleb_v1.2\FakeVideo-FakeAudio\Caucasian (European)\women\id00068\00004_1_id00373_wavtolip.mp4,1,FakeVideo-FakeAudio,Caucasian (European),women,id00068
FakeAVCeleb_v1.2,FakeAVCeleb_v1.2__FakeVideo-FakeAudio__Caucasian (European)__women__id00068__00004_1_id00569_wavtolip.mp4,data\raw\FakeAVCeleb_v1.2\FakeVideo-FakeAudio\Caucasian (European)\women\id00068\00004_1_id00569_wavtolip.mp4,1,FakeVideo-FakeAudio,Caucasian (European),women,id00068
FakeAVCeleb_v1.2,FakeAVCeleb_v1.2__FakeVideo-FakeAudio__Caucasian (European)__women__id00068__00004_1_id00581_wavtolip.mp4,data\raw\FakeAVCeleb_v1.2\FakeVideo-FakeAudio\Caucasian (European)\women\id00068\00004_1_id00581_wavtolip.mp4,1,FakeVideo-FakeAudio,Caucasian (European),women,id00068
FakeAVCeleb_v1.2,FakeAVCeleb_v1.2__FakeVideo-FakeAudio__Caucasian (European)__women__id00068__00004_1_id00633_wavtolip.mp4,data\raw\FakeAVCeleb_v1.2\FakeVideo-FakeAudio\Caucasian (European)\women\id00068\00004_1_id00633_wavtolip.mp4,1,FakeVideo-FakeAudio,Caucasian (European),women,id00068
FakeAVCeleb_v1.2,FakeAVCeleb_v1.2__FakeVideo-FakeAudio__Caucasian (European)__women__id00068__00004_2_id00068_wavtolip.mp4,data\raw\FakeAVCeleb_v1.2\FakeVideo-FakeAudio\Caucasian (European)\women\id00068\00004_2_id00068_wavtolip.mp4,1,FakeVideo-FakeAudio,Caucasian (European),women,id00068
FakeAVCeleb_v1.2,FakeAVCeleb_v1.2__FakeVideo-FakeAudio__Caucasian (European)__women__id00068__00004_2_id00332_wavtolip.mp4,data\raw\FakeAVCeleb_v1.2\FakeVideo-FakeAudio\Caucasian (European)\women\id00068\00004_2_id00332_wavtolip.mp4,1,FakeVideo-FakeAudio,Caucasian (European),women,id00068
FakeAVCeleb_v1.2,FakeAVCeleb_v1.2__FakeVideo-FakeAudio__Caucasian (European)__women__id00068__00004_2_id00581_wavtolip.mp4,data\raw\FakeAVCeleb_v1.2\FakeVideo-FakeAudio\Caucasian (European)\women\id00068\00004_2_id00581_wavtolip.mp4,1,FakeVideo-FakeAudio,Caucasian (European),women,id00068
FakeAVCeleb_v1.2,FakeAVCeleb_v1.2__FakeVideo-FakeAudio__Caucasian (European)__women__id00068__00004_2_id03716_wavtolip.mp4,data\raw\FakeAVCeleb_v1.2\FakeVideo-FakeAudio\Caucasian (European)\women\id00068\00004_2_id03716_wavtolip.mp4,1,FakeVideo-FakeAudio,Caucasian (European),women,id00068
FakeAVCeleb_v1.2,FakeAVCeleb_v1.2__FakeVideo-FakeAudio__Caucasian (European)__women__id00068__00004_3_id00332_wavtolip.mp4,data\raw\FakeAVCeleb_v1.2\FakeVideo-FakeAudio\Caucasian (European)\women\id00068\00004_3_id00332_wavtolip.mp4,1,FakeVideo-FakeAudio,Caucasian (European),women,id00068
FakeAVCeleb_v1.2,FakeAVCeleb_v1.2__FakeVideo-FakeAudio__Caucasian (European)__women__id00068__00004_3_id00434_wavtolip.mp4,data\raw\FakeAVCeleb_v1.2\FakeVideo-FakeAudio\Caucasian (European)\women\id00068\00004_3_id00434_wavtolip.mp4,1,FakeVideo-FakeAudio,Caucasian (European),women,id00068
FakeAVCeleb_v1.2,FakeAVCeleb_v1.2__FakeVideo-FakeAudio__Caucasian (European)__women__id00068__00004_3_id00495_wavtolip.mp4,data\raw\FakeAVCeleb_v1.2\FakeVideo-FakeAudio\Caucasian (European)\women\id00068\00004_3_id00495_wavtolip.mp4,1,FakeVideo-FakeAudio,Caucasian (European),women,id00068
FakeAVCeleb_v1.2,FakeAVCeleb_v1.2__FakeVideo-FakeAudio__Caucasian (European)__women__id00068__00004_3_id03371_wavtolip.mp4,data\raw\FakeAVCeleb_v1.2\FakeVideo-FakeAudio\Caucasian (European)\women\id00068\00004_3_id03371_wavtolip.mp4,1,FakeVideo-FakeAudio,Caucasian (European),women,id00068
FakeAVCeleb_v1.2,FakeAVCeleb_v1.2__FakeVideo-FakeAudio__Caucasian (European)__women__id00068__00004_3_id03716_wavtolip.mp4,data\raw\FakeAVCeleb_v1.2\FakeVideo-FakeAudio\Caucasian (European)\women\id00068\00004_3_id03716_wavtolip.mp4,1,FakeVideo-FakeAudio,Caucasian (European),women,id00068
FakeAVCeleb_v1.2,FakeAVCeleb_v1.2__FakeVideo-FakeAudio__Caucasian (European)__women__id00068__00004_id00071_wavtolip.mp4,data\raw\FakeAVCeleb_v1.2\FakeVideo-FakeAudio\Caucasian (European)\women\id00068\00004_id00071_wavtolip.mp4,1,FakeVideo-FakeAudio,Caucasian (European),women,id00068
FakeAVCeleb_v1.2,FakeAVCeleb_v1.2__FakeVideo-FakeAudio__Caucasian (European)__women__id00068__00004_id00232_kL0cCveU1zg_id00806_wavtolip.mp4,data\raw\FakeAVCeleb_v1.2\FakeVideo-FakeAudio\Caucasian (European)\women\id00068\00004_id00232_kL0cCveU1zg_id00806_wavtolip.mp4,1,FakeVideo-FakeAudio,Caucasian (European),women,id00068
FakeAVCeleb_v1.2,FakeAVCeleb_v1.2__FakeVideo-FakeAudio__Caucasian (European)__women__id00068__00004_id00270_wavtolip.mp4,data\raw\FakeAVCeleb_v1.2\FakeVideo-FakeAudio\Caucasian (European)\women\id00068\00004_id00270_wavtolip.mp4,1,FakeVideo-FakeAudio,Caucasian (European),women,id00068
FakeAVCeleb_v1.2,FakeAVCeleb_v1.2__FakeVideo-FakeAudio__Caucasian (European)__women__id00068__00004_id00287_wavtolip.mp4,data\raw\FakeAVCeleb_v1.2\FakeVideo-FakeAudio\Caucasian (European)\women\id00068\00004_id00287_wavtolip.mp4,1,FakeVideo-FakeAudio,Caucasian (European),women,id00068
FakeAVCeleb_v1.2,FakeAVCeleb_v1.2__FakeVideo-FakeAudio__Caucasian (European)__women__id00068__00004_id00373_wavtolip.mp4,data\raw\FakeAVCeleb_v1.2\FakeVideo-FakeAudio\Caucasian (European)\women\id00068\00004_id00373_wavtolip.mp4,1,FakeVideo-FakeAudio,Caucasian (European),women,id00068
FakeAVCeleb_v1.2,FakeAVCeleb_v1.2__FakeVideo-FakeAudio__Caucasian (European)__women__id00068__00004_id00395_wM5kGJfTtEM_id00634_wavtolip.mp4,data\raw\FakeAVCeleb_v1.2\FakeVideo-FakeAudio\Caucasian (European)\women\id00068\00004_id00395_wM5kGJfTtEM_id00634_wavtolip.mp4,1,FakeVideo-FakeAudio,Caucasian (European),women,id00068
FakeAVCeleb_v1.2,FakeAVCeleb_v1.2__FakeVideo-FakeAudio__Caucasian (European)__women__id00068__00004_id00403_wavtolip.mp4,data\raw\FakeAVCeleb_v1.2\FakeVideo-FakeAudio\Caucasian (European)\women\id00068\00004_id00403_wavtolip.mp4,1,FakeVideo-FakeAudio,Caucasian (European),women,id00068
FakeAVCeleb_v1.2,FakeAVCeleb_v1.2__FakeVideo-FakeAudio__Caucasian (European)__women__id00068__00004_id00484_u7YTz8eFZv0_id00188_wavtolip.mp4,data\raw\FakeAVCeleb_v1.2\FakeVideo-FakeAudio\Caucasian (European)\women\id00068\00004_id00484_u7YTz8eFZv0_id00188_wavtolip.mp4,1,FakeVideo-FakeAudio,Caucasian (European),women,id00068
FakeAVCeleb_v1.2,FakeAVCeleb_v1.2__FakeVideo-FakeAudio__Caucasian (European)__women__id00068__00004_id00495_E46aiMUC4A0_id00496_wavtolip.mp4,data\raw\FakeAVCeleb_v1.2\FakeVideo-FakeAudio\Caucasian (European)\women\id00068\00004_id00495_E46aiMUC4A0_id00496_wavtolip.mp4,1,FakeVideo-FakeAudio,Caucasian (European),women,id00068
FakeAVCeleb_v1.2,FakeAVCeleb_v1.2__FakeVideo-FakeAudio__Caucasian (European)__women__id00068__00004_id00581_7AxvP19LGKg_id00581_wavtolip.mp4,data\raw\FakeAVCeleb_v1.2\FakeVideo-FakeAudio\Caucasian (European)\women\id00068\00004_id00581_7AxvP19LGKg_id00581_wavtolip.mp4,1,FakeVideo-FakeAudio,Caucasian (European),women,id00068
FakeAVCeleb_v1.2,FakeAVCeleb_v1.2__FakeVideo-FakeAudio__Caucasian (European)__women__id00068__00004_id00813_wavtolip.mp4,data\raw\FakeAVCeleb_v1.2\FakeVideo-FakeAudio\Caucasian (European)\women\id00068\00004_id00813_wavtolip.mp4,1,FakeVideo-FakeAudio,Caucasian (European),women,id00068
FakeAVCeleb_v1.2,FakeAVCeleb_v1.2__FakeVideo-FakeAudio__Caucasian (European)__women__id00068__00004_id00823_wavtolip.mp4,data\raw\FakeAVCeleb_v1.2\FakeVideo-FakeAudio\Caucasian (European)\women\id00068\00004_id00823_wavtolip.mp4,1,FakeVideo-FakeAudio,Caucasian (European),women,id00068
FakeAVCeleb_v1.2,FakeAVCeleb_v1.2__FakeVideo-FakeAudio__Caucasian (European)__women__id00068__00004_id00826_MYagwzy91Yk_id00403_wavtolip.mp4,data\raw\FakeAVCeleb_v1.2\FakeVideo-FakeAudio\Caucasian (European)\women\id00068\00004_id00826_MYagwzy91Yk_id00403_wavtolip.mp4,1,FakeVideo-FakeAudio,Caucasian (European),women,id00068
FakeAVCeleb_v1.2,FakeAVCeleb_v1.2__FakeVideo-FakeAudio__Caucasian (European)__women__id00068__00004_id00897_wavtolip.mp4,data\raw\FakeAVCeleb_v1.2\FakeVideo-FakeAudio\Caucasian (European)\women\id00068\00004_id00897_wavtolip.mp4,1,FakeVideo-FakeAudio,Caucasian (European),women,id00068
FakeAVCeleb_v1.2,FakeAVCeleb_v1.2__FakeVideo-FakeAudio__Caucasian (European)__women__id00068__00004_id01002_wavtolip.mp4,data\raw\FakeAVCeleb_v1.2\FakeVideo-FakeAudio\Caucasian (European)\women\id00068\00004_id01002_wavtolip.mp4,1,FakeVideo-FakeAudio,Caucasian (European),women,id00068
FakeAVCeleb_v1.2,FakeAVCeleb_v1.2__FakeVideo-FakeAudio__Caucasian (European)__women__id00068__00004_id03371_truKMXt8Dak_id00823_wavtolip.mp4,data\raw\FakeAVCeleb_v1.2\FakeVideo-FakeAudio\Caucasian (European)\women\id00068\00004_id03371_truKMXt8Dak_id00823_wavtolip.mp4,1,FakeVideo-FakeAudio,Caucasian (European),women,id00068
FakeAVCeleb_v1.2,FakeAVCeleb_v1.2__FakeVideo-FakeAudio__Caucasian (European)__women__id00068__00004_id03589_9NxOQlwpMys_id00735_wavtolip.mp4,data\raw\FakeAVCeleb_v1.2\FakeVideo-FakeAudio\Caucasian (European)\women\id00068\00004_id03589_9NxOQlwpMys_id00735_wavtolip.mp4,1,FakeVideo-FakeAudio,Caucasian (European),women,id00068
FakeAVCeleb_v1.2,FakeAVCeleb_v1.2__FakeVideo-FakeAudio__Caucasian (European)__women__id00068__00004_id03844_AEAEN1Lns2c_id00633_wavtolip.mp4,data\raw\FakeAVCeleb_v1.2\FakeVideo-FakeAudio\Caucasian (European)\women\id00068\00004_id03844_AEAEN1Lns2c_id00633_wavtolip.mp4,1,FakeVideo-FakeAudio,Caucasian (European),women,id00068
FakeAVCeleb_v1.2,FakeAVCeleb_v1.2__FakeVideo-FakeAudio__Caucasian (European)__women__id00330__00118_id00262_wavtolip.mp4,data\raw\FakeAVCeleb_v1.2\FakeVideo-FakeAudio\Caucasian (European)\women\id00330\00118_id00262_wavtolip.mp4,1,FakeVideo-FakeAudio,Caucasian (European),women,id00330
FakeAVCeleb_v1.2,FakeAVCeleb_v1.2__FakeVideo-FakeAudio__Caucasian (European)__women__id00330__00118_id00328_wavtolip.mp4,data\raw\FakeAVCeleb_v1.2\FakeVideo-FakeAudio\Caucasian (European)\women\id00330\00118_id00328_wavtolip.mp4,1,FakeVideo-FakeAudio,Caucasian (European),women,id00330
FakeAVCeleb_v1.2,FakeAVCeleb_v1.2__FakeVideo-FakeAudio__Caucasian (European)__women__id00330__00118_id00332__zNddcZV1EU_id00328_wavtolip.mp4,data\raw\FakeAVCeleb_v1.2\FakeVideo-FakeAudio\Caucasian (European)\women\id00330\00118_id00332__zNddcZV1EU_id00328_wavtolip.mp4,1,FakeVideo-FakeAudio,Caucasian (European),women,id00330
FakeAVCeleb_v1.2,FakeAVCeleb_v1.2__FakeVideo-FakeAudio__Caucasian (European)__women__id00330__00118_id00374_w1qI7y9AGTc_id00735_wavtolip.mp4,data\raw\FakeAVCeleb_v1.2\FakeVideo-FakeAudio\Caucasian (European)\women\id00330\00118_id00374_w1qI7y9AGTc_id00735_wavtolip.mp4,1,FakeVideo-FakeAudio,Caucasian (European),women,id00330
FakeAVCeleb_v1.2,FakeAVCeleb_v1.2__FakeVideo-FakeAudio__Caucasian (European)__women__id00330__00118_id00374_wavtolip.mp4,data\raw\FakeAVCeleb_v1.2\FakeVideo-FakeAudio\Caucasian (European)\women\id00330\00118_id00374_wavtolip.mp4,1,FakeVideo-FakeAudio,Caucasian (European),women,id00330
FakeAVCeleb_v1.2,FakeAVCeleb_v1.2__FakeVideo-FakeAudio__Caucasian (European)__women__id00330__00118_id00434_HPXkk-HGXVI_id03371_wavtolip.mp4,data\raw\FakeAVCeleb_v1.2\FakeVideo-FakeAudio\Caucasian (European)\women\id00330\00118_id00434_HPXkk-HGXVI_id03371_wavtolip.mp4,1,FakeVideo-FakeAudio,Caucasian (European),women,id00330
FakeAVCeleb_v1.2,FakeAVCeleb_v1.2__FakeVideo-FakeAudio__Caucasian (European)__women__id00330__00118_id00434_wavtolip.mp4,data\raw\FakeAVCeleb_v1.2\FakeVideo-FakeAudio\Caucasian (European)\women\id00330\00118_id00434_wavtolip.mp4,1,FakeVideo-FakeAudio,Caucasian (European),women,id00330
FakeAVCeleb_v1.2,FakeAVCeleb_v1.2__FakeVideo-FakeAudio__Caucasian (European)__women__id00330__00118_id00581_7AxvP19LGKg_id00271_wavtolip.mp4,data\raw\FakeAVCeleb_v1.2\FakeVideo-FakeAudio\Caucasian (European)\women\id00330\00118_id00581_7AxvP19LGKg_id00271_wavtolip.mp4,1,FakeVideo-FakeAudio,Caucasian (European),women,id00330
FakeAVCeleb_v1.2,FakeAVCeleb_v1.2__FakeVideo-FakeAudio__Caucasian (European)__women__id00330__00118_id00591_wavtolip.mp4,data\raw\FakeAVCeleb_v1.2\FakeVideo-FakeAudio\Caucasian (European)\women\id00330\00118_id00591_wavtolip.mp4,1,FakeVideo-FakeAudio,Caucasian (European),women,id00330
FakeAVCeleb_v1.2,FakeAVCeleb_v1.2__FakeVideo-FakeAudio__Caucasian (European)__women__id00330__00118_id00633_wavtolip.mp4,data\raw\FakeAVCeleb_v1.2\FakeVideo-FakeAudio\Caucasian (European)\women\id00330\00118_id00633_wavtolip.mp4,1,FakeVideo-FakeAudio,Caucasian (European),women,id00330
FakeAVCeleb_v1.2,FakeAVCeleb_v1.2__FakeVideo-FakeAudio__Caucasian (European)__women__id00330__00118_id01002_wavtolip.mp4,data\raw\FakeAVCeleb_v1.2\FakeVideo-FakeAudio\Caucasian (European)\women\id00330\00118_id01002_wavtolip.mp4,1,FakeVideo-FakeAudio,Caucasian (European),women,id00330
FakeAVCeleb_v1.2,FakeAVCeleb_v1.2__FakeVideo-FakeAudio__Caucasian (European)__women__id00330__00118_id03371_truKMXt8Dak_id00328_wavtolip.mp4,data\raw\FakeAVCeleb_v1.2\FakeVideo-FakeAudio\Caucasian (European)\women\id00330\00118_id03371_truKMXt8Dak_id00328_wavtolip.mp4,1,FakeVideo-FakeAudio,Caucasian (European),women,id00330
FakeAVCeleb_v1.2,FakeAVCeleb_v1.2__FakeVideo-FakeAudio__Caucasian (European)__women__id00330__00118_id03844_AEAEN1Lns2c_id00395_wavtolip.mp4,data\raw\FakeAVCeleb_v1.2\FakeVideo-FakeAudio\Caucasian (European)\women\id00330\00118_id03844_AEAEN1Lns2c_id00395_wavtolip.mp4,1,FakeVideo-FakeAudio,Caucasian (European),women,id00330
FakeAVCeleb_v1.2,FakeAVCeleb_v1.2__FakeVideo-FakeAudio__Caucasian (European)__women__id00330__00118_id03844_wavtolip.mp4,data\raw\FakeAVCeleb_v1.2\FakeVideo-FakeAudio\Caucasian (European)\women\id00330\00118_id03844_wavtolip.mp4,1,FakeVideo-FakeAudio,Caucasian (European),women,id00330
FakeAVCeleb_v1.2,FakeAVCeleb_v1.2__FakeVideo-FakeAudio__Caucasian (European)__women__id00330__00118_id03858_wavtolip.mp4,data\raw\FakeAVCeleb_v1.2\FakeVideo-FakeAudio\Caucasian (European)\women\id00330\00118_id03858_wavtolip.mp4,1,FakeVideo-FakeAudio,Caucasian (European),women,id00330
FakeAVCeleb_v1.2,FakeAVCeleb_v1.2__FakeVideo-FakeAudio__Caucasian (European)__women__id00491__00122_id00188_e-vm5FB3idA_id00325_wavtolip.mp4,data\raw\FakeAVCeleb_v1.2\FakeVideo-FakeAudio\Caucasian (European)\women\id00491\00122_id00188_e-vm5FB3idA_id00325_wavtolip.mp4,1,FakeVideo-FakeAudio,Caucasian (European),women,id00491
FakeAVCeleb_v1.2,FakeAVCeleb_v1.2__FakeVideo-FakeAudio__Caucasian (European)__women__id00491__00122_id00234_M3g5KRLJB60_id00374_wavtolip.mp4,data\raw\FakeAVCeleb_v1.2\FakeVideo-FakeAudio\Caucasian (European)\women\id00491\00122_id00234_M3g5KRLJB60_id00374_wavtolip.mp4,1,FakeVideo-FakeAudio,Caucasian (European),women,id00491
FakeAVCeleb_v1.2,FakeAVCeleb_v1.2__FakeVideo-FakeAudio__Caucasian (European)__women__id00491__00122_id00234_wavtolip.mp4,data\raw\FakeAVCeleb_v1.2\FakeVideo-FakeAudio\Caucasian (European)\women\id00491\00122_id00234_wavtolip.mp4,1,FakeVideo-FakeAudio,Caucasian (European),women,id00491
FakeAVCeleb_v1.2,FakeAVCeleb_v1.2__FakeVideo-FakeAudio__Caucasian (European)__women__id00491__00122_id00271_wavtolip.mp4,data\raw\FakeAVCeleb_v1.2\FakeVideo-FakeAudio\Caucasian (European)\women\id00491\00122_id00271_wavtolip.mp4,1,FakeVideo-FakeAudio,Caucasian (European),women,id00491
FakeAVCeleb_v1.2,FakeAVCeleb_v1.2__FakeVideo-FakeAudio__Caucasian (European)__women__id00491__00122_id00330_zCFFgGSIZ_s_id03649_wavtolip.mp4,data\raw\FakeAVCeleb_v1.2\FakeVideo-FakeAudio\Caucasian (European)\women\id00491\00122_id00330_zCFFgGSIZ_s_id03649_wavtolip.mp4,1,FakeVideo-FakeAudio,Caucasian (European),women,id00491
FakeAVCeleb_v1.2,FakeAVCeleb_v1.2__FakeVideo-FakeAudio__Caucasian (European)__women__id00491__00122_id00373_wavtolip.mp4,data\raw\FakeAVCeleb_v1.2\FakeVideo-FakeAudio\Caucasian (European)\women\id00491\00122_id00373_wavtolip.mp4,1,FakeVideo-FakeAudio,Caucasian (European),women,id00491
FakeAVCeleb_v1.2,FakeAVCeleb_v1.2__FakeVideo-FakeAudio__Caucasian (European)__women__id00491__00122_id00403_wavtolip.mp4,data\raw\FakeAVCeleb_v1.2\FakeVideo-FakeAudio\Caucasian (European)\women\id00491\00122_id00403_wavtolip.mp4,1,FakeVideo-FakeAudio,Caucasian (European),women,id00491
FakeAVCeleb_v1.2,FakeAVCeleb_v1.2__FakeVideo-FakeAudio__Caucasian (European)__women__id00491__00122_id00496_wavtolip.mp4,data\raw\FakeAVCeleb_v1.2\FakeVideo-FakeAudio\Caucasian (European)\women\id00491\00122_id00496_wavtolip.mp4,1,FakeVideo-FakeAudio,Caucasian (European),women,id00491
FakeAVCeleb_v1.2,FakeAVCeleb_v1.2__FakeVideo-FakeAudio__Caucasian (European)__women__id00491__00122_id00569_gSynmpwioV4_id00591_wavtolip.mp4,data\raw\FakeAVCeleb_v1.2\FakeVideo-FakeAudio\Caucasian (European)\women\id00491\00122_id00569_gSynmpwioV4_id00591_wavtolip.mp4,1,FakeVideo-FakeAudio,Caucasian (European),women,id00491
FakeAVCeleb_v1.2,FakeAVCeleb_v1.2__FakeVideo-FakeAudio__Caucasian (European)__women__id00491__00122_id00591_1Jo8xElXQMs_id00581_wavtolip.mp4,data\raw\FakeAVCeleb_v1.2\FakeVideo-FakeAudio\Caucasian (European)\women\id00491\00122_id00591_1Jo8xElXQMs_id00581_wavtolip.mp4,1,FakeVideo-FakeAudio,Caucasian (European),women,id00491
FakeAVCeleb_v1.2,FakeAVCeleb_v1.2__FakeVideo-FakeAudio__Caucasian (European)__women__id00491__00122_id00633_UXrTMta1EDM_id00735_wavtolip.mp4,data\raw\FakeAVCeleb_v1.2\FakeVideo-FakeAudio\Caucasian (European)\women\id00491\00122_id00633_UXrTMta1EDM_id00735_wavtolip.mp4,1,FakeVideo-FakeAudio,Caucasian (European),women,id00491
FakeAVCeleb_v1.2,FakeAVCeleb_v1.2__FakeVideo-FakeAudio__Caucasian (European)__women__id00491__00122_id01002_eQTviHjyISo_id03371_wavtolip.mp4,data\raw\FakeAVCeleb_v1.2\FakeVideo-FakeAudio\Caucasian (European)\women\id00491\00122_id01002_eQTviHjyISo_id03371_wavtolip.mp4,1,FakeVideo-FakeAudio,Caucasian (European),women,id00491
FakeAVCeleb_v1.2,FakeAVCeleb_v1.2__FakeVideo-FakeAudio__Caucasian (European)__women__id00491__00122_id01018_VNPt_GB5QiE_id01002_wavtolip.mp4,data\raw\FakeAVCeleb_v1.2\FakeVideo-FakeAudio\Caucasian (European)\women\id00491\00122_id01018_VNPt_GB5QiE_id01002_wavtolip.mp4,1,FakeVideo-FakeAudio,Caucasian (European),women,id00491
FakeAVCeleb_v1.2,FakeAVCeleb_v1.2__FakeVideo-FakeAudio__Caucasian (European)__women__id00491__00122_id03371_truKMXt8Dak_id00633_wavtolip.mp4,data\raw\FakeAVCeleb_v1.2\FakeVideo-FakeAudio\Caucasian (European)\women\id00491\00122_id03371_truKMXt8Dak_id00633_wavtolip.mp4,1,FakeVideo-FakeAudio,Caucasian (European),women,id00491
FakeAVCeleb_v1.2,FakeAVCeleb_v1.2__FakeVideo-FakeAudio__Caucasian (European)__women__id00491__00122_id03620_wavtolip.mp4,data\raw\FakeAVCeleb_v1.2\FakeVideo-FakeAudio\Caucasian (European)\women\id00491\00122_id03620_wavtolip.mp4,1,FakeVideo-FakeAudio,Caucasian (European),women,id00491
FakeAVCeleb_v1.2,FakeAVCeleb_v1.2__FakeVideo-FakeAudio__Caucasian (European)__women__id00491__00122_id03651_wavtolip.mp4,data\raw\FakeAVCeleb_v1.2\FakeVideo-FakeAudio\Caucasian (European)\women\id00491\00122_id03651_wavtolip.mp4,1,FakeVideo-FakeAudio,Caucasian (European),women,id00491
FakeAVCeleb_v1.2,FakeAVCeleb_v1.2__FakeVideo-FakeAudio__Caucasian (European)__women__id00491__00122_id03844_wavtolip.mp4,data\raw\FakeAVCeleb_v1.2\FakeVideo-FakeAudio\Caucasian (European)\women\id00491\00122_id03844_wavtolip.mp4,1,FakeVideo-FakeAudio,Caucasian (European),women,id00491
FakeAVCeleb_v1.2,FakeAVCeleb_v1.2__FakeVideo-FakeAudio__Caucasian (European)__women__id00491__00122_id03858_uKVqPfRf-ac_id00395_wavtolip.mp4,data\raw\FakeAVCeleb_v1.2\FakeVideo-FakeAudio\Caucasian (European)\women\id00491\00122_id03858_uKVqPfRf-ac_id00395_wavtolip.mp4,1,FakeVideo-FakeAudio,Caucasian (European),women,id00491
FakeAVCeleb_v1.2,FakeAVCeleb_v1.2__FakeVideo-FakeAudio__Caucasian (European)__women__id00491__00122_id03941_wavtolip.mp4,data\raw\FakeAVCeleb_v1.2\FakeVideo-FakeAudio\Caucasian (European)\women\id00491\00122_id03941_wavtolip.mp4,1,FakeVideo-FakeAudio,Caucasian (European),women,id00491
FakeAVCeleb_v1.2,FakeAVCeleb_v1.2__FakeVideo-FakeAudio__Caucasian (European)__women__id00495__00027_id00068_A7uFnQw--bY_id00634_wavtolip.mp4,data\raw\FakeAVCeleb_v1.2\FakeVideo-FakeAudio\Caucasian (European)\women\id00495\00027_id00068_A7uFnQw--bY_id00634_wavtolip.mp4,1,FakeVideo-FakeAudio,Caucasian (European),women,id00495
FakeAVCeleb_v1.2,FakeAVCeleb_v1.2__FakeVideo-FakeAudio__Caucasian (European)__women__id00495__00027_id00270_wavtolip.mp4,data\raw\FakeAVCeleb_v1.2\FakeVideo-FakeAudio\Caucasian (European)\women\id00495\00027_id00270_wavtolip.mp4,1,FakeVideo-FakeAudio,Caucasian (European),women,id00495
FakeAVCeleb_v1.2,FakeAVCeleb_v1.2__FakeVideo-FakeAudio__Caucasian (European)__women__id00495__00027_id00271_je6JSLqEEcw_id00591_wavtolip.mp4,data\raw\FakeAVCeleb_v1.2\FakeVideo-FakeAudio\Caucasian (European)\women\id00495\00027_id00271_je6JSLqEEcw_id00591_wavtolip.mp4,1,FakeVideo-FakeAudio,Caucasian (European),women,id00495
FakeAVCeleb_v1.2,FakeAVCeleb_v1.2__FakeVideo-FakeAudio__Caucasian (European)__women__id00495__00027_id00271_wavtolip.mp4,data\raw\FakeAVCeleb_v1.2\FakeVideo-FakeAudio\Caucasian (European)\women\id00495\00027_id00271_wavtolip.mp4,1,FakeVideo-FakeAudio,Caucasian (European),women,id00495
FakeAVCeleb_v1.2,FakeAVCeleb_v1.2__FakeVideo-FakeAudio__Caucasian (European)__women__id00495__00027_id00373_wavtolip.mp4,data\raw\FakeAVCeleb_v1.2\FakeVideo-FakeAudio\Caucasian (European)\women\id00495\00027_id00373_wavtolip.mp4,1,FakeVideo-FakeAudio,Caucasian (European),women,id00495
FakeAVCeleb_v1.2,FakeAVCeleb_v1.2__FakeVideo-FakeAudio__Caucasian (European)__women__id00495__00027_id00379_wavtolip.mp4,data\raw\FakeAVCeleb_v1.2\FakeVideo-FakeAudio\Caucasian (European)\women\id00495\00027_id00379_wavtolip.mp4,1,FakeVideo-FakeAudio,Caucasian (European),women,id00495
FakeAVCeleb_v1.2,FakeAVCeleb_v1.2__FakeVideo-FakeAudio__Caucasian (European)__women__id00495__00027_id00395_wM5kGJfTtEM_id03589_wavtolip.mp4,data\raw\FakeAVCeleb_v1.2\FakeVideo-FakeAudio\Caucasian (European)\women\id00495\00027_id00395_wM5kGJfTtEM_id03589_wavtolip.mp4,1,FakeVideo-FakeAudio,Caucasian (European),women,id00495
FakeAVCeleb_v1.2,FakeAVCeleb_v1.2__FakeVideo-FakeAudio__Caucasian (European)__women__id00495__00027_id00403_wavtolip.mp4,data\raw\FakeAVCeleb_v1.2\FakeVideo-FakeAudio\Caucasian (European)\women\id00495\00027_id00403_wavtolip.mp4,1,FakeVideo-FakeAudio,Caucasian (European),women,id00495
FakeAVCeleb_v1.2,FakeAVCeleb_v1.2__FakeVideo-FakeAudio__Caucasian (European)__women__id00495__00027_id00434_wavtolip.mp4,data\raw\FakeAVCeleb_v1.2\FakeVideo-FakeAudio\Caucasian (European)\women\id00495\00027_id00434_wavtolip.mp4,1,FakeVideo-FakeAudio,Caucasian (European),women,id00495
FakeAVCeleb_v1.2,FakeAVCeleb_v1.2__FakeVideo-FakeAudio__Caucasian (European)__women__id00495__00027_id00484_u7YTz8eFZv0_id00496_wavtolip.mp4,data\raw\FakeAVCeleb_v1.2\FakeVideo-FakeAudio\Caucasian (European)\women\id00495\00027_id00484_u7YTz8eFZv0_id00496_wavtolip.mp4,1,FakeVideo-FakeAudio,Caucasian (European),women,id00495
FakeAVCeleb_v1.2,FakeAVCeleb_v1.2__FakeVideo-FakeAudio__Caucasian (European)__women__id00495__00027_id00581_7AxvP19LGKg_id00897_wavtolip.mp4,data\raw\FakeAVCeleb_v1.2\FakeVideo-FakeAudio\Caucasian (European)\women\id00495\00027_id00581_7AxvP19LGKg_id00897_wavtolip.mp4,1,FakeVideo-FakeAudio,Caucasian (European),women,id00495
FakeAVCeleb_v1.2,FakeAVCeleb_v1.2__FakeVideo-FakeAudio__Caucasian (European)__women__id00495__00027_id00634_z5t9oJizDQg_id00262_wavtolip.mp4,data\raw\FakeAVCeleb_v1.2\FakeVideo-FakeAudio\Caucasian (European)\women\id00495\00027_id00634_z5t9oJizDQg_id00262_wavtolip.mp4,1,FakeVideo-FakeAudio,Caucasian (European),women,id00495
FakeAVCeleb_v1.2,FakeAVCeleb_v1.2__FakeVideo-FakeAudio__Caucasian (European)__women__id00495__00027_id00897_wavtolip.mp4,data\raw\FakeAVCeleb_v1.2\FakeVideo-FakeAudio\Caucasian (European)\women\id00495\00027_id00897_wavtolip.mp4,1,FakeVideo-FakeAudio,Caucasian (European),women,id00495
FakeAVCeleb_v1.2,FakeAVCeleb_v1.2__FakeVideo-FakeAudio__Caucasian (European)__women__id00495__00027_id01002_wavtolip.mp4,data\raw\FakeAVCeleb_v1.2\FakeVideo-FakeAudio\Caucasian (European)\women\id00495\00027_id01002_wavtolip.mp4,1,FakeVideo-FakeAudio,Caucasian (European),women,id00495
FakeAVCeleb_v1.2,FakeAVCeleb_v1.2__FakeVideo-FakeAudio__Caucasian (European)__women__id00495__00027_id01018_wavtolip.mp4,data\raw\FakeAVCeleb_v1.2\FakeVideo-FakeAudio\Caucasian (European)\women\id00495\00027_id01018_wavtolip.mp4,1,FakeVideo-FakeAudio,Caucasian (European),women,id00495
FakeAVCeleb_v1.2,FakeAVCeleb_v1.2__FakeVideo-FakeAudio__Caucasian (European)__women__id00495__00027_id03589_9NxOQlwpMys_id00330_wavtolip.mp4,data\raw\FakeAVCeleb_v1.2\FakeVideo-FakeAudio\Caucasian (European)\women\id00495\00027_id03589_9NxOQlwpMys_id00330_wavtolip.mp4,1,FakeVideo-FakeAudio,Caucasian (European),women,id00495
FakeAVCeleb_v1.2,FakeAVCeleb_v1.2__FakeVideo-FakeAudio__Caucasian (European)__women__id00495__00027_id03649_wavtolip.mp4,data\raw\FakeAVCeleb_v1.2\FakeVideo-FakeAudio\Caucasian (European)\women\id00495\00027_id03649_wavtolip.mp4,1,FakeVideo-FakeAudio,Caucasian (European),women,id00495
FakeAVCeleb_v1.2,FakeAVCeleb_v1.2__FakeVideo-FakeAudio__Caucasian (European)__women__id00495__00027_id03858_uKVqPfRf-ac_id03589_wavtolip.mp4,data\raw\FakeAVCeleb_v1.2\FakeVideo-FakeAudio\Caucasian (European)\women\id00495\00027_id03858_uKVqPfRf-ac_id03589_wavtolip.mp4,1,FakeVideo-FakeAudio,Caucasian (European),women,id00495
FakeAVCeleb_v1.2,FakeAVCeleb_v1.2__FakeVideo-FakeAudio__Caucasian (European)__women__id00495__00027_id03941_SsYtP8Ze88Q_id03371_wavtolip.mp4,data\raw\FakeAVCeleb_v1.2\FakeVideo-FakeAudio\Caucasian (European)\women\id00495\00027_id03941_SsYtP8Ze88Q_id03371_wavtolip.mp4,1,FakeVideo-FakeAudio,Caucasian (European),women,id00495
FakeAVCeleb_v1.2,FakeAVCeleb_v1.2__FakeVideo-FakeAudio__Caucasian (European)__women__id00496__00015_id00232_wavtolip.mp4,data\raw\FakeAVCeleb_v1.2\FakeVideo-FakeAudio\Caucasian (European)\women\id00496\00015_id00232_wavtolip.mp4,1,FakeVideo-FakeAudio,Caucasian (European),women,id00496
FakeAVCeleb_v1.2,FakeAVCeleb_v1.2__FakeVideo-FakeAudio__Caucasian (European)__women__id00496__00015_id00262_3p7sRWAAh1Q_id00232_wavtolip.mp4,data\raw\FakeAVCeleb_v1.2\FakeVideo-FakeAudio\Caucasian (European)\women\id00496\00015_id00262_3p7sRWAAh1Q_id00232_wavtolip.mp4,1,FakeVideo-FakeAudio,Caucasian (European),women,id00496
FakeAVCeleb_v1.2,FakeAVCeleb_v1.2__FakeVideo-FakeAudio__Caucasian (European)__women__id00496__00015_id00287_2NpfYjyMsPM_id00332_wavtolip.mp4,data\raw\FakeAVCeleb_v1.2\FakeVideo-FakeAudio\Caucasian (European)\women\id00496\00015_id00287_2NpfYjyMsPM_id00332_wavtolip.mp4,1,FakeVideo-FakeAudio,Caucasian (European),women,id00496
FakeAVCeleb_v1.2,FakeAVCeleb_v1.2__FakeVideo-FakeAudio__Caucasian (European)__women__id00496__00015_id00330_wavtolip.mp4,data\raw\FakeAVCeleb_v1.2\FakeVideo-FakeAudio\Caucasian (European)\women\id00496\00015_id00330_wavtolip.mp4,1,FakeVideo-FakeAudio,Caucasian (European),women,id00496
FakeAVCeleb_v1.2,FakeAVCeleb_v1.2__FakeVideo-FakeAudio__Caucasian (European)__women__id00496__00015_id00373_5NXv3Dxkd6E_id00806_wavtolip.mp4,data\raw\FakeAVCeleb_v1.2\FakeVideo-FakeAudio\Caucasian (European)\women\id00496\00015_id00373_5NXv3Dxkd6E_id00806_wavtolip.mp4,1,FakeVideo-FakeAudio,Caucasian (European),women,id00496
FakeAVCeleb_v1.2,FakeAVCeleb_v1.2__FakeVideo-FakeAudio__Caucasian (European)__women__id00496__00015_id00374_wavtolip.mp4,data\raw\FakeAVCeleb_v1.2\FakeVideo-FakeAudio\Caucasian (European)\women\id00496\00015_id00374_wavtolip.mp4,1,FakeVideo-FakeAudio,Caucasian (European),women,id00496
FakeAVCeleb_v1.2,FakeAVCeleb_v1.2__FakeVideo-FakeAudio__Caucasian (European)__women__id00496__00015_id00379_wavtolip.mp4,data\raw\FakeAVCeleb_v1.2\FakeVideo-FakeAudio\Caucasian (European)\women\id00496\00015_id00379_wavtolip.mp4,1,FakeVideo-FakeAudio,Caucasian (European),women,id00496
FakeAVCeleb_v1.2,FakeAVCeleb_v1.2__FakeVideo-FakeAudio__Caucasian (European)__women__id00496__00015_id00434_wavtolip.mp4,data\raw\FakeAVCeleb_v1.2\FakeVideo-FakeAudio\Caucasian (European)\women\id00496\00015_id00434_wavtolip.mp4,1,FakeVideo-FakeAudio,Caucasian (European),women,id00496
FakeAVCeleb_v1.2,FakeAVCeleb_v1.2__FakeVideo-FakeAudio__Caucasian (European)__women__id00496__00015_id00569_gSynmpwioV4_id00569_wavtolip.mp4,data\raw\FakeAVCeleb_v1.2\FakeVideo-FakeAudio\Caucasian (European)\women\id00496\00015_id00569_gSynmpwioV4_id00569_wavtolip.mp4,1,FakeVideo-FakeAudio,Caucasian (European),women,id00496
FakeAVCeleb_v1.2,FakeAVCeleb_v1.2__FakeVideo-FakeAudio__Caucasian (European)__women__id00496__00015_id00813_dKs9CWJIkSI_id00897_wavtolip.mp4,data\raw\FakeAVCeleb_v1.2\FakeVideo-FakeAudio\Caucasian (European)\women\id00496\00015_id00813_dKs9CWJIkSI_id00897_wavtolip.mp4,1,FakeVideo-FakeAudio,Caucasian (European),women,id00496
FakeAVCeleb_v1.2,FakeAVCeleb_v1.2__FakeVideo-FakeAudio__Caucasian (European)__women__id00496__00015_id00823_wavtolip.mp4,data\raw\FakeAVCeleb_v1.2\FakeVideo-FakeAudio\Caucasian (European)\women\id00496\00015_id00823_wavtolip.mp4,1,FakeVideo-FakeAudio,Caucasian (European),women,id00496
FakeAVCeleb_v1.2,FakeAVCeleb_v1.2__FakeVideo-FakeAudio__Caucasian (European)__women__id00496__00015_id00897_0ayFw8JhoyI_id00735_wavtolip.mp4,data\raw\FakeAVCeleb_v1.2\FakeVideo-FakeAudio\Caucasian (European)\women\id00496\00015_id00897_0ayFw8JhoyI_id00735_wavtolip.mp4,1,FakeVideo-FakeAudio,Caucasian (European),women,id00496
FakeAVCeleb_v1.2,FakeAVCeleb_v1.2__FakeVideo-FakeAudio__Caucasian (European)__women__id00496__00015_id03620_YkXM5A8w07E_id00806_wavtolip.mp4,data\raw\FakeAVCeleb_v1.2\FakeVideo-FakeAudio\Caucasian (European)\women\id00496\00015_id03620_YkXM5A8w07E_id00806_wavtolip.mp4,1,FakeVideo-FakeAudio,Caucasian (European),women,id00496
FakeAVCeleb_v1.2,FakeAVCeleb_v1.2__FakeVideo-FakeAudio__Caucasian (European)__women__id00496__00015_id03716_wavtolip.mp4,data\raw\FakeAVCeleb_v1.2\FakeVideo-FakeAudio\Caucasian (European)\women\id00496\00015_id03716_wavtolip.mp4,1,FakeVideo-FakeAudio,Caucasian (European),women,id00496
FakeAVCeleb_v1.2,FakeAVCeleb_v1.2__FakeVideo-FakeAudio__Caucasian (European)__women__id00496__00015_id03858_uKVqPfRf-ac_id00633_wavtolip.mp4,data\raw\FakeAVCeleb_v1.2\FakeVideo-FakeAudio\Caucasian (European)\women\id00496\00015_id03858_uKVqPfRf-ac_id00633_wavtolip.mp4,1,FakeVideo-FakeAudio,Caucasian (European),women,id00496
FakeAVCeleb_v1.2,FakeAVCeleb_v1.2__FakeVideo-FakeAudio__Caucasian (European)__women__id00634__00078_id00042_wavtolip.mp4,data\raw\FakeAVCeleb_v1.2\FakeVideo-FakeAudio\Caucasian (European)\women\id00634\00078_id00042_wavtolip.mp4,1,FakeVideo-FakeAudio,Caucasian (European),women,id00634
FakeAVCeleb_v1.2,FakeAVCeleb_v1.2__FakeVideo-FakeAudio__Caucasian (European)__women__id00634__00078_id00270_wavtolip.mp4,data\raw\FakeAVCeleb_v1.2\FakeVideo-FakeAudio\Caucasian (European)\women\id00634\00078_id00270_wavtolip.mp4,1,FakeVideo-FakeAudio,Caucasian (European),women,id00634
FakeAVCeleb_v1.2,FakeAVCeleb_v1.2__FakeVideo-FakeAudio__Caucasian (European)__women__id00634__00078_id00287_wavtolip.mp4,data\raw\FakeAVCeleb_v1.2\FakeVideo-FakeAudio\Caucasian (European)\women\id00634\00078_id00287_wavtolip.mp4,1,FakeVideo-FakeAudio,Caucasian (European),women,id00634
FakeAVCeleb_v1.2,FakeAVCeleb_v1.2__FakeVideo-FakeAudio__Caucasian (European)__women__id00634__00078_id00330_wavtolip.mp4,data\raw\FakeAVCeleb_v1.2\FakeVideo-FakeAudio\Caucasian (European)\women\id00634\00078_id00330_wavtolip.mp4,1,FakeVideo-FakeAudio,Caucasian (European),women,id00634
FakeAVCeleb_v1.2,FakeAVCeleb_v1.2__FakeVideo-FakeAudio__Caucasian (European)__women__id00634__00078_id00395_wM5kGJfTtEM_id00379_wavtolip.mp4,data\raw\FakeAVCeleb_v1.2\FakeVideo-FakeAudio\Caucasian (European)\women\id00634\00078_id00395_wM5kGJfTtEM_id00379_wavtolip.mp4,1,FakeVideo-FakeAudio,Caucasian (European),women,id00634
FakeAVCeleb_v1.2,FakeAVCeleb_v1.2__FakeVideo-FakeAudio__Caucasian (European)__women__id00634__00078_id00403_wavtolip.mp4,data\raw\FakeAVCeleb_v1.2\FakeVideo-FakeAudio\Caucasian (European)\women\id00634\00078_id00403_wavtolip.mp4,1,FakeVideo-FakeAudio,Caucasian (European),women,id00634
FakeAVCeleb_v1.2,FakeAVCeleb_v1.2__FakeVideo-FakeAudio__Caucasian (European)__women__id00634__00078_id00484_u7YTz8eFZv0_id00330_wavtolip.mp4,data\raw\FakeAVCeleb_v1.2\FakeVideo-FakeAudio\Caucasian (European)\women\id00634\00078_id00484_u7YTz8eFZv0_id00330_wavtolip.mp4,1,FakeVideo-FakeAudio,Caucasian (European),women,id00634
FakeAVCeleb_v1.2,FakeAVCeleb_v1.2__FakeVideo-FakeAudio__Caucasian (European)__women__id00634__00078_id00484_wavtolip.mp4,data\raw\FakeAVCeleb_v1.2\FakeVideo-FakeAudio\Caucasian (European)\women\id00634\00078_id00484_wavtolip.mp4,1,FakeVideo-FakeAudio,Caucasian (European),women,id00634
FakeAVCeleb_v1.2,FakeAVCeleb_v1.2__FakeVideo-FakeAudio__Caucasian (European)__women__id00634__00078_id00495_E46aiMUC4A0_id00328_wavtolip.mp4,data\raw\FakeAVCeleb_v1.2\FakeVideo-FakeAudio\Caucasian (European)\women\id00634\00078_id00495_E46aiMUC4A0_id00328_wavtolip.mp4,1,FakeVideo-FakeAudio,Caucasian (European),women,id00634
FakeAVCeleb_v1.2,FakeAVCeleb_v1.2__FakeVideo-FakeAudio__Caucasian (European)__women__id00634__00078_id00496_wavtolip.mp4,data\raw\FakeAVCeleb_v1.2\FakeVideo-FakeAudio\Caucasian (European)\women\id00634\00078_id00496_wavtolip.mp4,1,FakeVideo-FakeAudio,Caucasian (European),women,id00634
FakeAVCeleb_v1.2,FakeAVCeleb_v1.2__FakeVideo-FakeAudio__Caucasian (European)__women__id00634__00078_id00569_wavtolip.mp4,data\raw\FakeAVCeleb_v1.2\FakeVideo-FakeAudio\Caucasian (European)\women\id00634\00078_id00569_wavtolip.mp4,1,FakeVideo-FakeAudio,Caucasian (European),women,id00634
FakeAVCeleb_v1.2,FakeAVCeleb_v1.2__FakeVideo-FakeAudio__Caucasian (European)__women__id00634__00078_id00581_7AxvP19LGKg_id00434_wavtolip.mp4,data\raw\FakeAVCeleb_v1.2\FakeVideo-FakeAudio\Caucasian (European)\women\id00634\00078_id00581_7AxvP19LGKg_id00434_wavtolip.mp4,1,FakeVideo-FakeAudio,Caucasian (European),women,id00634
FakeAVCeleb_v1.2,FakeAVCeleb_v1.2__FakeVideo-FakeAudio__Caucasian (European)__women__id00634__00078_id00589_uOzKwYEVR6s_id00330_wavtolip.mp4,data\raw\FakeAVCeleb_v1.2\FakeVideo-FakeAudio\Caucasian (European)\women\id00634\00078_id00589_uOzKwYEVR6s_id00330_wavtolip.mp4,1,FakeVideo-FakeAudio,Caucasian (European),women,id00634
FakeAVCeleb_v1.2,FakeAVCeleb_v1.2__FakeVideo-FakeAudio__Caucasian (European)__women__id00634__00078_id00591_1Jo8xElXQMs_id00071_wavtolip.mp4,data\raw\FakeAVCeleb_v1.2\FakeVideo-FakeAudio\Caucasian (European)\women\id00634\00078_id00591_1Jo8xElXQMs_id00071_wavtolip.mp4,1,FakeVideo-FakeAudio,Caucasian (European),women,id00634
FakeAVCeleb_v1.2,FakeAVCeleb_v1.2__FakeVideo-FakeAudio__Caucasian (European)__women__id00634__00078_id00813_wavtolip.mp4,data\raw\FakeAVCeleb_v1.2\FakeVideo-FakeAudio\Caucasian (European)\women\id00634\00078_id00813_wavtolip.mp4,1,FakeVideo-FakeAudio,Caucasian (European),women,id00634
FakeAVCeleb_v1.2,FakeAVCeleb_v1.2__FakeVideo-FakeAudio__Caucasian (European)__women__id00634__00078_id00826_MYagwzy91Yk_id00806_wavtolip.mp4,data\raw\FakeAVCeleb_v1.2\FakeVideo-FakeAudio\Caucasian (European)\women\id00634\00078_id00826_MYagwzy91Yk_id00806_wavtolip.mp4,1,FakeVideo-FakeAudio,Caucasian (European),women,id00634
FakeAVCeleb_v1.2,FakeAVCeleb_v1.2__FakeVideo-FakeAudio__Caucasian (European)__women__id00634__00078_id03589_9NxOQlwpMys_id00569_wavtolip.mp4,data\raw\FakeAVCeleb_v1.2\FakeVideo-FakeAudio\Caucasian (European)\women\id00634\00078_id03589_9NxOQlwpMys_id00569_wavtolip.mp4,1,FakeVideo-FakeAudio,Caucasian (European),women,id00634
FakeAVCeleb_v1.2,FakeAVCeleb_v1.2__FakeVideo-FakeAudio__Caucasian (European)__women__id00634__00078_id03649_389qfFqUddI_id00232_wavtolip.mp4,data\raw\FakeAVCeleb_v1.2\FakeVideo-FakeAudio\Caucasian (European)\women\id00634\00078_id03649_389qfFqUddI_id00232_wavtolip.mp4,1,FakeVideo-FakeAudio,Caucasian (European),women,id00634
FakeAVCeleb_v1.2,FakeAVCeleb_v1.2__FakeVideo-RealAudio__African__men__id00366__00118_id00076_Isiq7cA-DNE.mp4,data\raw\FakeAVCeleb_v1.2\FakeVideo-RealAudio\African\men\id00366\00118_id00076_Isiq7cA-DNE.mp4,1,FakeVideo-RealAudio,African,men,id00366
FakeAVCeleb_v1.2,FakeAVCeleb_v1.2__FakeVideo-RealAudio__African__men__id00366__00118_id00076_Isiq7cA-DNE_faceswap.mp4,data\raw\FakeAVCeleb_v1.2\FakeVideo-RealAudio\African\men\id00366\00118_id00076_Isiq7cA-DNE_faceswap.mp4,1,FakeVideo-RealAudio,African,men,id00366
FakeAVCeleb_v1.2,FakeAVCeleb_v1.2__FakeVideo-RealAudio__African__men__id00366__00118_id00076_wavtolip.mp4,data\raw\FakeAVCeleb_v1.2\FakeVideo-RealAudio\African\men\id00366\00118_id00076_wavtolip.mp4,1,FakeVideo-RealAudio,African,men,id00366
FakeAVCeleb_v1.2,FakeAVCeleb_v1.2__FakeVideo-RealAudio__African__men__id00366__00118_id00166_wavtolip.mp4,data\raw\FakeAVCeleb_v1.2\FakeVideo-RealAudio\African\men\id00366\00118_id00166_wavtolip.mp4,1,FakeVideo-RealAudio,African,men,id00366
FakeAVCeleb_v1.2,FakeAVCeleb_v1.2__FakeVideo-RealAudio__African__men__id00366__00118_id00173_wavtolip.mp4,data\raw\FakeAVCeleb_v1.2\FakeVideo-RealAudio\African\men\id00366\00118_id00173_wavtolip.mp4,1,FakeVideo-RealAudio,African,men,id00366
FakeAVCeleb_v1.2,FakeAVCeleb_v1.2__FakeVideo-RealAudio__African__men__id00366__00118_id00391_wavtolip.mp4,data\raw\FakeAVCeleb_v1.2\FakeVideo-RealAudio\African\men\id00366\00118_id00391_wavtolip.mp4,1,FakeVideo-RealAudio,African,men,id00366
FakeAVCeleb_v1.2,FakeAVCeleb_v1.2__FakeVideo-RealAudio__African__men__id00366__00118_id00475_wavtolip.mp4,data\raw\FakeAVCeleb_v1.2\FakeVideo-RealAudio\African\men\id00366\00118_id00475_wavtolip.mp4,1,FakeVideo-RealAudio,African,men,id00366
FakeAVCeleb_v1.2,FakeAVCeleb_v1.2__FakeVideo-RealAudio__African__men__id00366__00118_id00476_UgdYVJ6xPYg.mp4,data\raw\FakeAVCeleb_v1.2\FakeVideo-RealAudio\African\men\id00366\00118_id00476_UgdYVJ6xPYg.mp4,1,FakeVideo-RealAudio,African,men,id00366
FakeAVCeleb_v1.2,FakeAVCeleb_v1.2__FakeVideo-RealAudio__African__men__id00366__00118_id00781_fvsSae9yc0A.mp4,data\raw\FakeAVCeleb_v1.2\FakeVideo-RealAudio\African\men\id00366\00118_id00781_fvsSae9yc0A.mp4,1,FakeVideo-RealAudio,African,men,id00366
FakeAVCeleb_v1.2,FakeAVCeleb_v1.2__FakeVideo-RealAudio__African__men__id00366__00118_id00987_wavtolip.mp4,data\raw\FakeAVCeleb_v1.2\FakeVideo-RealAudio\African\men\id00366\00118_id00987_wavtolip.mp4,1,FakeVideo-RealAudio,African,men,id00366
FakeAVCeleb_v1.2,FakeAVCeleb_v1.2__FakeVideo-RealAudio__African__men__id00366__00118_id01076_wavtolip.mp4,data\raw\FakeAVCeleb_v1.2\FakeVideo-RealAudio\African\men\id00366\00118_id01076_wavtolip.mp4,1,FakeVideo-RealAudio,African,men,id00366
FakeAVCeleb_v1.2,FakeAVCeleb_v1.2__FakeVideo-RealAudio__African__men__id00366__00118_id01170_wavtolip.mp4,data\raw\FakeAVCeleb_v1.2\FakeVideo-RealAudio\African\men\id00366\00118_id01170_wavtolip.mp4,1,FakeVideo-RealAudio,African,men,id00366
FakeAVCeleb_v1.2,FakeAVCeleb_v1.2__FakeVideo-RealAudio__African__men__id00366__00118_id01171_wavtolip.mp4,data\raw\FakeAVCeleb_v1.2\FakeVideo-RealAudio\African\men\id00366\00118_id01171_wavtolip.mp4,1,FakeVideo-RealAudio,African,men,id00366
FakeAVCeleb_v1.2,FakeAVCeleb_v1.2__FakeVideo-RealAudio__African__men__id00366__00118_id01207_mt129WTRSII.mp4,data\raw\FakeAVCeleb_v1.2\FakeVideo-RealAudio\African\men\id00366\00118_id01207_mt129WTRSII.mp4,1,FakeVideo-RealAudio,African,men,id00366
FakeAVCeleb_v1.2,FakeAVCeleb_v1.2__FakeVideo-RealAudio__African__men__id00366__00118_id01207_wavtolip.mp4,data\raw\FakeAVCeleb_v1.2\FakeVideo-RealAudio\African\men\id00366\00118_id01207_wavtolip.mp4,1,FakeVideo-RealAudio,African,men,id00366
FakeAVCeleb_v1.2,FakeAVCeleb_v1.2__FakeVideo-RealAudio__African__men__id00366__00118_id01452_wavtolip.mp4,data\raw\FakeAVCeleb_v1.2\FakeVideo-RealAudio\African\men\id00366\00118_id01452_wavtolip.mp4,1,FakeVideo-RealAudio,African,men,id00366
FakeAVCeleb_v1.2,FakeAVCeleb_v1.2__FakeVideo-RealAudio__African__men__id00366__00118_id01544_uBo9585VW2A.mp4,data\raw\FakeAVCeleb_v1.2\FakeVideo-RealAudio\African\men\id00366\00118_id01544_uBo9585VW2A.mp4,1,FakeVideo-RealAudio,African,men,id00366
FakeAVCeleb_v1.2,FakeAVCeleb_v1.2__FakeVideo-RealAudio__African__men__id00366__00118_id01610_wavtolip.mp4,data\raw\FakeAVCeleb_v1.2\FakeVideo-RealAudio\African\men\id00366\00118_id01610_wavtolip.mp4,1,FakeVideo-RealAudio,African,men,id00366
FakeAVCeleb_v1.2,FakeAVCeleb_v1.2__FakeVideo-RealAudio__African__men__id00366__00118_id01637_5VjcPZm8knM.mp4,data\raw\FakeAVCeleb_v1.2\FakeVideo-RealAudio\African\men\id00366\00118_id01637_5VjcPZm8knM.mp4,1,FakeVideo-RealAudio,African,men,id00366
FakeAVCeleb_v1.2,FakeAVCeleb_v1.2__FakeVideo-RealAudio__African__men__id00366__00118_id01637_wavtolip.mp4,data\raw\FakeAVCeleb_v1.2\FakeVideo-RealAudio\African\men\id00366\00118_id01637_wavtolip.mp4,1,FakeVideo-RealAudio,African,men,id00366
FakeAVCeleb_v1.2,FakeAVCeleb_v1.2__FakeVideo-RealAudio__African__men__id00366__00118_id01691_IVtS5z8Jrrk.mp4,data\raw\FakeAVCeleb_v1.2\FakeVideo-RealAudio\African\men\id00366\00118_id01691_IVtS5z8Jrrk.mp4,1,FakeVideo-RealAudio,African,men,id00366
FakeAVCeleb_v1.2,FakeAVCeleb_v1.2__FakeVideo-RealAudio__African__men__id00366__00118_id01691_wavtolip.mp4,data\raw\FakeAVCeleb_v1.2\FakeVideo-RealAudio\African\men\id00366\00118_id01691_wavtolip.mp4,1,FakeVideo-RealAudio,African,men,id00366
FakeAVCeleb_v1.2,FakeAVCeleb_v1.2__FakeVideo-RealAudio__African__men__id00366__00118_id01717_JDW6p8yU13A.mp4,data\raw\FakeAVCeleb_v1.2\FakeVideo-RealAudio\African\men\id00366\00118_id01717_JDW6p8yU13A.mp4,1,FakeVideo-RealAudio,African,men,id00366
FakeAVCeleb_v1.2,FakeAVCeleb_v1.2__FakeVideo-RealAudio__African__men__id00366__00118_id01779_wavtolip.mp4,data\raw\FakeAVCeleb_v1.2\FakeVideo-RealAudio\African\men\id00366\00118_id01779_wavtolip.mp4,1,FakeVideo-RealAudio,African,men,id00366
FakeAVCeleb_v1.2,FakeAVCeleb_v1.2__FakeVideo-RealAudio__African__men__id00366__00118_id01920_w9C_knCPD94.mp4,data\raw\FakeAVCeleb_v1.2\FakeVideo-RealAudio\African\men\id00366\00118_id01920_w9C_knCPD94.mp4,1,FakeVideo-RealAudio,African,men,id00366
FakeAVCeleb_v1.2,FakeAVCeleb_v1.2__FakeVideo-RealAudio__African__men__id00366__00118_id01933_wavtolip.mp4,data\raw\FakeAVCeleb_v1.2\FakeVideo-RealAudio\African\men\id00366\00118_id01933_wavtolip.mp4,1,FakeVideo-RealAudio,African,men,id00366
FakeAVCeleb_v1.2,FakeAVCeleb_v1.2__FakeVideo-RealAudio__African__men__id00366__00118_id01972_wavtolip.mp4,data\raw\FakeAVCeleb_v1.2\FakeVideo-RealAudio\African\men\id00366\00118_id01972_wavtolip.mp4,1,FakeVideo-RealAudio,African,men,id00366
FakeAVCeleb_v1.2,FakeAVCeleb_v1.2__FakeVideo-RealAudio__African__men__id00366__00118_id02005_7_Egh9mW5y4.mp4,data\raw\FakeAVCeleb_v1.2\FakeVideo-RealAudio\African\men\id00366\00118_id02005_7_Egh9mW5y4.mp4,1,FakeVideo-RealAudio,African,men,id00366
FakeAVCeleb_v1.2,FakeAVCeleb_v1.2__FakeVideo-RealAudio__African__men__id00366__00118_id02040_wavtolip.mp4,data\raw\FakeAVCeleb_v1.2\FakeVideo-RealAudio\African\men\id00366\00118_id02040_wavtolip.mp4,1,FakeVideo-RealAudio,African,men,id00366
FakeAVCeleb_v1.2,FakeAVCeleb_v1.2__FakeVideo-RealAudio__African__men__id00366__00118_id02494_wavtolip.mp4,data\raw\FakeAVCeleb_v1.2\FakeVideo-RealAudio\African\men\id00366\00118_id02494_wavtolip.mp4,1,FakeVideo-RealAudio,African,men,id00366
FakeAVCeleb_v1.2,FakeAVCeleb_v1.2__FakeVideo-RealAudio__African__men__id00366__00118_id04727_wavtolip.mp4,data\raw\FakeAVCeleb_v1.2\FakeVideo-RealAudio\African\men\id00366\00118_id04727_wavtolip.mp4,1,FakeVideo-RealAudio,African,men,id00366
FakeAVCeleb_v1.2,FakeAVCeleb_v1.2__FakeVideo-RealAudio__African__men__id00518__00031_0.mp4,data\raw\FakeAVCeleb_v1.2\FakeVideo-RealAudio\African\men\id00518\00031_0.mp4,1,FakeVideo-RealAudio,African,men,id00518
FakeAVCeleb_v1.2,FakeAVCeleb_v1.2__FakeVideo-RealAudio__African__men__id00518__00031_1.mp4,data\raw\FakeAVCeleb_v1.2\FakeVideo-RealAudio\African\men\id00518\00031_1.mp4,1,FakeVideo-RealAudio,African,men,id00518
FakeAVCeleb_v1.2,FakeAVCeleb_v1.2__FakeVideo-RealAudio__African__men__id00518__00031_2.mp4,data\raw\FakeAVCeleb_v1.2\FakeVideo-RealAudio\African\men\id00518\00031_2.mp4,1,FakeVideo-RealAudio,African,men,id00518
FakeAVCeleb_v1.2,FakeAVCeleb_v1.2__FakeVideo-RealAudio__African__men__id00518__00031_3.mp4,data\raw\FakeAVCeleb_v1.2\FakeVideo-RealAudio\African\men\id00518\00031_3.mp4,1,FakeVideo-RealAudio,African,men,id00518
FakeAVCeleb_v1.2,FakeAVCeleb_v1.2__FakeVideo-RealAudio__African__men__id00518__00031_id00166_wavtolip.mp4,data\raw\FakeAVCeleb_v1.2\FakeVideo-RealAudio\African\men\id00518\00031_id00166_wavtolip.mp4,1,FakeVideo-RealAudio,African,men,id00518
FakeAVCeleb_v1.2,FakeAVCeleb_v1.2__FakeVideo-RealAudio__African__men__id00518__00031_id00518_wavtolip.mp4,data\raw\FakeAVCeleb_v1.2\FakeVideo-RealAudio\African\men\id00518\00031_id00518_wavtolip.mp4,1,FakeVideo-RealAudio,African,men,id00518
FakeAVCeleb_v1.2,FakeAVCeleb_v1.2__FakeVideo-RealAudio__African__men__id00518__00031_id00701_wavtolip.mp4,data\raw\FakeAVCeleb_v1.2\FakeVideo-RealAudio\African\men\id00518\00031_id00701_wavtolip.mp4,1,FakeVideo-RealAudio,African,men,id00518
FakeAVCeleb_v1.2,FakeAVCeleb_v1.2__FakeVideo-RealAudio__African__men__id00518__00031_id00761_wavtolip.mp4,data\raw\FakeAVCeleb_v1.2\FakeVideo-RealAudio\African\men\id00518\00031_id00761_wavtolip.mp4,1,FakeVideo-RealAudio,African,men,id00518
FakeAVCeleb_v1.2,FakeAVCeleb_v1.2__FakeVideo-RealAudio__African__men__id00518__00031_id00830_rfl3Teg9uew.mp4,data\raw\FakeAVCeleb_v1.2\FakeVideo-RealAudio\African\men\id00518\00031_id00830_rfl3Teg9uew.mp4,1,FakeVideo-RealAudio,African,men,id00518
FakeAVCeleb_v1.2,FakeAVCeleb_v1.2__FakeVideo-RealAudio__African__men__id00518__00031_id00944_wavtolip.mp4,data\raw\FakeAVCeleb_v1.2\FakeVideo-RealAudio\African\men\id00518\00031_id00944_wavtolip.mp4,1,FakeVideo-RealAudio,African,men,id00518
FakeAVCeleb_v1.2,FakeAVCeleb_v1.2__FakeVideo-RealAudio__African__men__id00518__00031_id01236_7WdumGR5-JM.mp4,data\raw\FakeAVCeleb_v1.2\FakeVideo-RealAudio\African\men\id00518\00031_id01236_7WdumGR5-JM.mp4,1,FakeVideo-RealAudio,African,men,id00518
FakeAVCeleb_v1.2,FakeAVCeleb_v1.2__FakeVideo-RealAudio__African__men__id00518__00031_id01528_SBAS9Kcb8QY.mp4,data\raw\FakeAVCeleb_v1.2\FakeVideo-RealAudio\African\men\id00518\00031_id01528_SBAS9Kcb8QY.mp4,1,FakeVideo-RealAudio,African,men,id00518
FakeAVCeleb_v1.2,FakeAVCeleb_v1.2__FakeVideo-RealAudio__African__men__id00518__00031_id01528_wavtolip.mp4,data\raw\FakeAVCeleb_v1.2\FakeVideo-RealAudio\African\men\id00518\00031_id01528_wavtolip.mp4,1,FakeVideo-RealAudio,African,men,id00518
FakeAVCeleb_v1.2,FakeAVCeleb_v1.2__FakeVideo-RealAudio__African__men__id00518__00031_id01597_52WEZxe4_GE.mp4,data\raw\FakeAVCeleb_v1.2\FakeVideo-RealAudio\African\men\id00518\00031_id01597_52WEZxe4_GE.mp4,1,FakeVideo-RealAudio,African,men,id00518
FakeAVCeleb_v1.2,FakeAVCeleb_v1.2__FakeVideo-RealAudio__African__men__id00518__00031_id01597_wavtolip.mp4,data\raw\FakeAVCeleb_v1.2\FakeVideo-RealAudio\African\men\id00518\00031_id01597_wavtolip.mp4,1,FakeVideo-RealAudio,African,men,id00518
FakeAVCeleb_v1.2,FakeAVCeleb_v1.2__FakeVideo-RealAudio__African__men__id00518__00031_id01717_wavtolip.mp4,data\raw\FakeAVCeleb_v1.2\FakeVideo-RealAudio\African\men\id00518\00031_id01717_wavtolip.mp4,1,FakeVideo-RealAudio,African,men,id00518
FakeAVCeleb_v1.2,FakeAVCeleb_v1.2__FakeVideo-RealAudio__African__men__id00518__00031_id01933_wavtolip.mp4,data\raw\FakeAVCeleb_v1.2\FakeVideo-RealAudio\African\men\id00518\00031_id01933_wavtolip.mp4,1,FakeVideo-RealAudio,African,men,id00518
FakeAVCeleb_v1.2,FakeAVCeleb_v1.2__FakeVideo-RealAudio__African__men__id00518__00031_id01972_wavtolip.mp4,data\raw\FakeAVCeleb_v1.2\FakeVideo-RealAudio\African\men\id00518\00031_id01972_wavtolip.mp4,1,FakeVideo-RealAudio,African,men,id00518
FakeAVCeleb_v1.2,FakeAVCeleb_v1.2__FakeVideo-RealAudio__African__men__id00518__00031_id02268_irA9myDvW-I.mp4,data\raw\FakeAVCeleb_v1.2\FakeVideo-RealAudio\African\men\id00518\00031_id02268_irA9myDvW-I.mp4,1,FakeVideo-RealAudio,African,men,id00518
FakeAVCeleb_v1.2,FakeAVCeleb_v1.2__FakeVideo-RealAudio__African__men__id00518__00031_id02316_yrrNcmZ-xmI.mp4,data\raw\FakeAVCeleb_v1.2\FakeVideo-RealAudio\African\men\id00518\00031_id02316_yrrNcmZ-xmI.mp4,1,FakeVideo-RealAudio,African,men,id00518
FakeAVCeleb_v1.2,FakeAVCeleb_v1.2__FakeVideo-RealAudio__African__men__id00518__00031_id02494_lObg47hQleE.mp4,data\raw\FakeAVCeleb_v1.2\FakeVideo-RealAudio\African\men\id00518\00031_id02494_lObg47hQleE.mp4,1,FakeVideo-RealAudio,African,men,id00518
FakeAVCeleb_v1.2,FakeAVCeleb_v1.2__FakeVideo-RealAudio__African__men__id01597__00005_0.mp4,data\raw\FakeAVCeleb_v1.2\FakeVideo-RealAudio\African\men\id01597\00005_0.mp4,1,FakeVideo-RealAudio,African,men,id01597
FakeAVCeleb_v1.2,FakeAVCeleb_v1.2__FakeVideo-RealAudio__African__men__id01597__00005_1.mp4,data\raw\FakeAVCeleb_v1.2\FakeVideo-RealAudio\African\men\id01597\00005_1.mp4,1,FakeVideo-RealAudio,African,men,id01597
FakeAVCeleb_v1.2,FakeAVCeleb_v1.2__FakeVideo-RealAudio__African__men__id01597__00005_2.mp4,data\raw\FakeAVCeleb_v1.2\FakeVideo-RealAudio\African\men\id01597\00005_2.mp4,1,FakeVideo-RealAudio,African,men,id01597
FakeAVCeleb_v1.2,FakeAVCeleb_v1.2__FakeVideo-RealAudio__African__men__id01597__00005_3.mp4,data\raw\FakeAVCeleb_v1.2\FakeVideo-RealAudio\African\men\id01597\00005_3.mp4,1,FakeVideo-RealAudio,African,men,id01597
FakeAVCeleb_v1.2,FakeAVCeleb_v1.2__FakeVideo-RealAudio__African__men__id01597__00005_id00076_wavtolip.mp4,data\raw\FakeAVCeleb_v1.2\FakeVideo-RealAudio\African\men\id01597\00005_id00076_wavtolip.mp4,1,FakeVideo-RealAudio,African,men,id01597
FakeAVCeleb_v1.2,FakeAVCeleb_v1.2__FakeVideo-RealAudio__African__men__id01597__00005_id00391_TjJgUZaenWI.mp4,data\raw\FakeAVCeleb_v1.2\FakeVideo-RealAudio\African\men\id01597\00005_id00391_TjJgUZaenWI.mp4,1,FakeVideo-RealAudio,African,men,id01597
FakeAVCeleb_v1.2,FakeAVCeleb_v1.2__FakeVideo-RealAudio__African__men__id01597__00005_id00701_lW6uzLIOwd0.mp4,data\raw\FakeAVCeleb_v1.2\FakeVideo-RealAudio\African\men\id01597\00005_id00701_lW6uzLIOwd0.mp4,1,FakeVideo-RealAudio,African,men,id01597
FakeAVCeleb_v1.2,FakeAVCeleb_v1.2__FakeVideo-RealAudio__African__men__id01597__00005_id00830_rfl3Teg9uew.mp4,data\raw\FakeAVCeleb_v1.2\FakeVideo-RealAudio\African\men\id01597\00005_id00830_rfl3Teg9uew.mp4,1,FakeVideo-RealAudio,African,men,id01597
FakeAVCeleb_v1.2,FakeAVCeleb_v1.2__FakeVideo-RealAudio__African__men__id01597__00005_id00944_wavtolip.mp4,data\raw\FakeAVCeleb_v1.2\FakeVideo-RealAudio\African\men\id01597\00005_id00944_wavtolip.mp4,1,FakeVideo-RealAudio,African,men,id01597
FakeAVCeleb_v1.2,FakeAVCeleb_v1.2__FakeVideo-RealAudio__African__men__id01597__00005_id00987_wavtolip.mp4,data\raw\FakeAVCeleb_v1.2\FakeVideo-RealAudio\African\men\id01597\00005_id00987_wavtolip.mp4,1,FakeVideo-RealAudio,African,men,id01597
FakeAVCeleb_v1.2,FakeAVCeleb_v1.2__FakeVideo-RealAudio__African__men__id01597__00005_id01170_7eoTTk4xyNo.mp4,data\raw\FakeAVCeleb_v1.2\FakeVideo-RealAudio\African\men\id01597\00005_id01170_7eoTTk4xyNo.mp4,1,FakeVideo-RealAudio,African,men,id01597
FakeAVCeleb_v1.2,FakeAVCeleb_v1.2__FakeVideo-RealAudio__African__men__id01597__00005_id01236_7WdumGR5-JM.mp4,data\raw\FakeAVCeleb_v1.2\FakeVideo-RealAudio\African\men\id01597\00005_id01236_7WdumGR5-JM.mp4,1,FakeVideo-RealAudio,African,men,id01597
FakeAVCeleb_v1.2,FakeAVCeleb_v1.2__FakeVideo-RealAudio__African__men__id01597__00005_id01392_fF-g0KFJ7lg.mp4,data\raw\FakeAVCeleb_v1.2\FakeVideo-RealAudio\African\men\id01597\00005_id01392_fF-g0KFJ7lg.mp4,1,FakeVideo-RealAudio,African,men,id01597
FakeAVCeleb_v1.2,FakeAVCeleb_v1.2__FakeVideo-RealAudio__African__men__id01597__00005_id01528_wavtolip.mp4,data\raw\FakeAVCeleb_v1.2\FakeVideo-RealAudio\African\men\id01597\00005_id01528_wavtolip.mp4,1,FakeVideo-RealAudio,African,men,id01597
FakeAVCeleb_v1.2,FakeAVCeleb_v1.2__FakeVideo-RealAudio__African__men__id01597__00005_id01544_wavtolip.mp4,data\raw\FakeAVCeleb_v1.2\FakeVideo-RealAudio\African\men\id01597\00005_id01544_wavtolip.mp4,1,FakeVideo-RealAudio,African,men,id01597
FakeAVCeleb_v1.2,FakeAVCeleb_v1.2__FakeVideo-RealAudio__African__men__id01597__00005_id01691_wavtolip.mp4,data\raw\FakeAVCeleb_v1.2\FakeVideo-RealAudio\African\men\id01597\00005_id01691_wavtolip.mp4,1,FakeVideo-RealAudio,African,men,id01597
FakeAVCeleb_v1.2,FakeAVCeleb_v1.2__FakeVideo-RealAudio__African__men__id01597__00005_id01717_wavtolip.mp4,data\raw\FakeAVCeleb_v1.2\FakeVideo-RealAudio\African\men\id01597\00005_id01717_wavtolip.mp4,1,FakeVideo-RealAudio,African,men,id01597
FakeAVCeleb_v1.2,FakeAVCeleb_v1.2__FakeVideo-RealAudio__African__men__id01597__00005_id01920_w9C_knCPD94.mp4,data\raw\FakeAVCeleb_v1.2\FakeVideo-RealAudio\African\men\id01597\00005_id01920_w9C_knCPD94.mp4,1,FakeVideo-RealAudio,African,men,id01597
FakeAVCeleb_v1.2,FakeAVCeleb_v1.2__FakeVideo-RealAudio__African__men__id01597__00005_id01933_wavtolip.mp4,data\raw\FakeAVCeleb_v1.2\FakeVideo-RealAudio\African\men\id01597\00005_id01933_wavtolip.mp4,1,FakeVideo-RealAudio,African,men,id01597
FakeAVCeleb_v1.2,FakeAVCeleb_v1.2__FakeVideo-RealAudio__African__men__id01597__00005_id01995_wavtolip.mp4,data\raw\FakeAVCeleb_v1.2\FakeVideo-RealAudio\African\men\id01597\00005_id01995_wavtolip.mp4,1,FakeVideo-RealAudio,African,men,id01597
FakeAVCeleb_v1.2,FakeAVCeleb_v1.2__FakeVideo-RealAudio__African__men__id01597__00005_id02316_wavtolip.mp4,data\raw\FakeAVCeleb_v1.2\FakeVideo-RealAudio\African\men\id01597\00005_id02316_wavtolip.mp4,1,FakeVideo-RealAudio,African,men,id01597
FakeAVCeleb_v1.2,FakeAVCeleb_v1.2__FakeVideo-RealAudio__African__men__id01597__00005_id02316_yrrNcmZ-xmI.mp4,data\raw\FakeAVCeleb_v1.2\FakeVideo-RealAudio\African\men\id01597\00005_id02316_yrrNcmZ-xmI.mp4,1,FakeVideo-RealAudio,African,men,id01597
FakeAVCeleb_v1.2,FakeAVCeleb_v1.2__FakeVideo-RealAudio__African__men__id02342__00191_id00076_Isiq7cA-DNE.mp4,data\raw\FakeAVCeleb_v1.2\FakeVideo-RealAudio\African\men\id02342\00191_id00076_Isiq7cA-DNE.mp4,1,FakeVideo-RealAudio,African,men,id02342
FakeAVCeleb_v1.2,FakeAVCeleb_v1.2__FakeVideo-RealAudio__African__men__id02342__00191_id00166_wavtolip.mp4,data\raw\FakeAVCeleb_v1.2\FakeVideo-RealAudio\African\men\id02342\00191_id00166_wavtolip.mp4,1,FakeVideo-RealAudio,African,men,id02342
FakeAVCeleb_v1.2,FakeAVCeleb_v1.2__FakeVideo-RealAudio__African__men__id02342__00191_id00391_TjJgUZaenWI.mp4,data\raw\FakeAVCeleb_v1.2\FakeVideo-RealAudio\African\men\id02342\00191_id00391_TjJgUZaenWI.mp4,1,FakeVideo-RealAudio,African,men,id02342
FakeAVCeleb_v1.2,FakeAVCeleb_v1.2__FakeVideo-RealAudio__African__men__id02342__00191_id00761_wavtolip.mp4,data\raw\FakeAVCeleb_v1.2\FakeVideo-RealAudio\African\men\id02342\00191_id00761_wavtolip.mp4,1,FakeVideo-RealAudio,African,men,id02342
FakeAVCeleb_v1.2,FakeAVCeleb_v1.2__FakeVideo-RealAudio__African__men__id02342__00191_id00781_wavtolip.mp4,data\raw\FakeAVCeleb_v1.2\FakeVideo-RealAudio\African\men\id02342\00191_id00781_wavtolip.mp4,1,FakeVideo-RealAudio,African,men,id02342
FakeAVCeleb_v1.2,FakeAVCeleb_v1.2__FakeVideo-RealAudio__African__men__id02342__00191_id01036_wavtolip.mp4,data\raw\FakeAVCeleb_v1.2\FakeVideo-RealAudio\African\men\id02342\00191_id01036_wavtolip.mp4,1,FakeVideo-RealAudio,African,men,id02342
FakeAVCeleb_v1.2,FakeAVCeleb_v1.2__FakeVideo-RealAudio__African__men__id02342__00191_id01170_7eoTTk4xyNo.mp4,data\raw\FakeAVCeleb_v1.2\FakeVideo-RealAudio\African\men\id02342\00191_id01170_7eoTTk4xyNo.mp4,1,FakeVideo-RealAudio,African,men,id02342
FakeAVCeleb_v1.2,FakeAVCeleb_v1.2__FakeVideo-RealAudio__African__men__id02342__00191_id01179_RnqLJMrWELw.mp4,data\raw\FakeAVCeleb_v1.2\FakeVideo-RealAudio\African\men\id02342\00191_id01179_RnqLJMrWELw.mp4,1,FakeVideo-RealAudio,African,men,id02342
FakeAVCeleb_v1.2,FakeAVCeleb_v1.2__FakeVideo-RealAudio__African__men__id02342__00191_id01392_wavtolip.mp4,data\raw\FakeAVCeleb_v1.2\FakeVideo-RealAudio\African\men\id02342\00191_id01392_wavtolip.mp4,1,FakeVideo-RealAudio,African,men,id02342
FakeAVCeleb_v1.2,FakeAVCeleb_v1.2__FakeVideo-RealAudio__African__men__id02342__00191_id01597_wavtolip.mp4,data\raw\FakeAVCeleb_v1.2\FakeVideo-RealAudio\African\men\id02342\00191_id01597_wavtolip.mp4,1,FakeVideo-RealAudio,African,men,id02342
FakeAVCeleb_v1.2,FakeAVCeleb_v1.2__FakeVideo-RealAudio__African__men__id02342__00191_id01637_wavtolip.mp4,data\raw\FakeAVCeleb_v1.2\FakeVideo-RealAudio\African\men\id02342\00191_id01637_wavtolip.mp4,1,FakeVideo-RealAudio,African,men,id02342
FakeAVCeleb_v1.2,FakeAVCeleb_v1.2__FakeVideo-RealAudio__African__men__id02342__00191_id01835_wavtolip.mp4,data\raw\FakeAVCeleb_v1.2\FakeVideo-RealAudio\African\men\id02342\00191_id01835_wavtolip.mp4,1,FakeVideo-RealAudio,African,men,id02342
FakeAVCeleb_v1.2,FakeAVCeleb_v1.2__FakeVideo-RealAudio__African__men__id02342__00191_id01933_wavtolip.mp4,data\raw\FakeAVCeleb_v1.2\FakeVideo-RealAudio\African\men\id02342\00191_id01933_wavtolip.mp4,1,FakeVideo-RealAudio,African,men,id02342
FakeAVCeleb_v1.2,FakeAVCeleb_v1.2__FakeVideo-RealAudio__African__men__id02342__00191_id02005_7_Egh9mW5y4.mp4,data\raw\FakeAVCeleb_v1.2\FakeVideo-RealAudio\African\men\id02342\00191_id02005_7_Egh9mW5y4.mp4,1,FakeVideo-RealAudio,African,men,id02342
FakeAVCeleb_v1.2,FakeAVCeleb_v1.2__FakeVideo-RealAudio__African__men__id02342__00191_id02005_7_Egh9mW5y4_faceswap.mp4,data\raw\FakeAVCeleb_v1.2\FakeVideo-RealAudio\African\men\id02342\00191_id02005_7_Egh9mW5y4_faceswap.mp4,1,FakeVideo-RealAudio,African,men,id02342
FakeAVCeleb_v1.2,FakeAVCeleb_v1.2__FakeVideo-RealAudio__African__men__id02342__00191_id02316_wavtolip.mp4,data\raw\FakeAVCeleb_v1.2\FakeVideo-RealAudio\African\men\id02342\00191_id02316_wavtolip.mp4,1,FakeVideo-RealAudio,African,men,id02342
FakeAVCeleb_v1.2,FakeAVCeleb_v1.2__FakeVideo-RealAudio__African__men__id02342__00191_id02316_yrrNcmZ-xmI.mp4,data\raw\FakeAVCeleb_v1.2\FakeVideo-RealAudio\African\men\id02342\00191_id02316_yrrNcmZ-xmI.mp4,1,FakeVideo-RealAudio,African,men,id02342
FakeAVCeleb_v1.2,FakeAVCeleb_v1.2__FakeVideo-RealAudio__African__men__id02342__00191_id04727_AAnyugIAXao.mp4,data\raw\FakeAVCeleb_v1.2\FakeVideo-RealAudio\African\men\id02342\00191_id04727_AAnyugIAXao.mp4,1,FakeVideo-RealAudio,African,men,id02342
FakeAVCeleb_v1.2,FakeAVCeleb_v1.2__FakeVideo-RealAudio__African__women__id00371__00099_id00220_wavtolip.mp4,data\raw\FakeAVCeleb_v1.2\FakeVideo-RealAudio\African\women\id00371\00099_id00220_wavtolip.mp4,1,FakeVideo-RealAudio,African,women,id00371
FakeAVCeleb_v1.2,FakeAVCeleb_v1.2__FakeVideo-RealAudio__African__women__id00371__00099_id00220_WlHLlTQKj8g.mp4,data\raw\FakeAVCeleb_v1.2\FakeVideo-RealAudio\African\women\id00371\00099_id00220_WlHLlTQKj8g.mp4,1,FakeVideo-RealAudio,African,women,id00371
FakeAVCeleb_v1.2,FakeAVCeleb_v1.2__FakeVideo-RealAudio__African__women__id00371__00099_id00371_wavtolip.mp4,data\raw\FakeAVCeleb_v1.2\FakeVideo-RealAudio\African\women\id00371\00099_id00371_wavtolip.mp4,1,FakeVideo-RealAudio,African,women,id00371
FakeAVCeleb_v1.2,FakeAVCeleb_v1.2__FakeVideo-RealAudio__African__women__id00371__00099_id00460_wavtolip.mp4,data\raw\FakeAVCeleb_v1.2\FakeVideo-RealAudio\African\women\id00371\00099_id00460_wavtolip.mp4,1,FakeVideo-RealAudio,African,women,id00371
FakeAVCeleb_v1.2,FakeAVCeleb_v1.2__FakeVideo-RealAudio__African__women__id00371__00099_id00568_wavtolip.mp4,data\raw\FakeAVCeleb_v1.2\FakeVideo-RealAudio\African\women\id00371\00099_id00568_wavtolip.mp4,1,FakeVideo-RealAudio,African,women,id00371
FakeAVCeleb_v1.2,FakeAVCeleb_v1.2__FakeVideo-RealAudio__African__women__id00371__00099_id00832_wavtolip.mp4,data\raw\FakeAVCeleb_v1.2\FakeVideo-RealAudio\African\women\id00371\00099_id00832_wavtolip.mp4,1,FakeVideo-RealAudio,African,women,id00371
FakeAVCeleb_v1.2,FakeAVCeleb_v1.2__FakeVideo-RealAudio__African__women__id00371__00099_id01661_SdP_Monh-_4.mp4,data\raw\FakeAVCeleb_v1.2\FakeVideo-RealAudio\African\women\id00371\00099_id01661_SdP_Monh-_4.mp4,1,FakeVideo-RealAudio,African,women,id00371
FakeAVCeleb_v1.2,FakeAVCeleb_v1.2__FakeVideo-RealAudio__African__women__id00371__00099_id01907_LBcRkuRq0uY.mp4,data\raw\FakeAVCeleb_v1.2\FakeVideo-RealAudio\African\women\id00371\00099_id01907_LBcRkuRq0uY.mp4,1,FakeVideo-RealAudio,African,women,id00371
FakeAVCeleb_v1.2,FakeAVCeleb_v1.2__FakeVideo-RealAudio__African__women__id00371__00099_id02071_wavtolip.mp4,data\raw\FakeAVCeleb_v1.2\FakeVideo-RealAudio\African\women\id00371\00099_id02071_wavtolip.mp4,1,FakeVideo-RealAudio,African,women,id00371
FakeAVCeleb_v1.2,FakeAVCeleb_v1.2__FakeVideo-RealAudio__African__women__id00371__00099_id03658_8Wtu9VXKqjY.mp4,data\raw\FakeAVCeleb_v1.2\FakeVideo-RealAudio\African\women\id00371\00099_id03658_8Wtu9VXKqjY.mp4,1,FakeVideo-RealAudio,African,women,id00371
FakeAVCeleb_v1.2,FakeAVCeleb_v1.2__FakeVideo-RealAudio__African__women__id00371__00099_id03747_wQOOhZvnrq4.mp4,data\raw\FakeAVCeleb_v1.2\FakeVideo-RealAudio\African\women\id00371\00099_id03747_wQOOhZvnrq4.mp4,1,FakeVideo-RealAudio,African,women,id00371
FakeAVCeleb_v1.2,FakeAVCeleb_v1.2__FakeVideo-RealAudio__African__women__id00371__00099_id04055_wavtolip.mp4,data\raw\FakeAVCeleb_v1.2\FakeVideo-RealAudio\African\women\id00371\00099_id04055_wavtolip.mp4,1,FakeVideo-RealAudio,African,women,id00371
FakeAVCeleb_v1.2,FakeAVCeleb_v1.2__FakeVideo-RealAudio__African__women__id00371__00099_id04376_wavtolip.mp4,data\raw\FakeAVCeleb_v1.2\FakeVideo-RealAudio\African\women\id00371\00099_id04376_wavtolip.mp4,1,FakeVideo-RealAudio,African,women,id00371
FakeAVCeleb_v1.2,FakeAVCeleb_v1.2__FakeVideo-RealAudio__African__women__id00371__00099_id04540_wavtolip.mp4,data\raw\FakeAVCeleb_v1.2\FakeVideo-RealAudio\African\women\id00371\00099_id04540_wavtolip.mp4,1,FakeVideo-RealAudio,African,women,id00371
FakeAVCeleb_v1.2,FakeAVCeleb_v1.2__FakeVideo-RealAudio__African__women__id00371__00099_id04736__D2k4fMhEfQ.mp4,data\raw\FakeAVCeleb_v1.2\FakeVideo-RealAudio\African\women\id00371\00099_id04736__D2k4fMhEfQ.mp4,1,FakeVideo-RealAudio,African,women,id00371
FakeAVCeleb_v1.2,FakeAVCeleb_v1.2__FakeVideo-RealAudio__African__women__id00371__00099_id04939_i4v2cXo9HIQ.mp4,data\raw\FakeAVCeleb_v1.2\FakeVideo-RealAudio\African\women\id00371\00099_id04939_i4v2cXo9HIQ.mp4,1,FakeVideo-RealAudio,African,women,id00371
FakeAVCeleb_v1.2,FakeAVCeleb_v1.2__FakeVideo-RealAudio__African__women__id00371__00099_id04939_wavtolip.mp4,data\raw\FakeAVCeleb_v1.2\FakeVideo-RealAudio\African\women\id00371\00099_id04939_wavtolip.mp4,1,FakeVideo-RealAudio,African,women,id00371
FakeAVCeleb_v1.2,FakeAVCeleb_v1.2__FakeVideo-RealAudio__African__women__id00568__00384_id01178_wavtolip.mp4,data\raw\FakeAVCeleb_v1.2\FakeVideo-RealAudio\African\women\id00568\00384_id01178_wavtolip.mp4,1,FakeVideo-RealAudio,African,women,id00568
FakeAVCeleb_v1.2,FakeAVCeleb_v1.2__FakeVideo-RealAudio__African__women__id00568__00384_id01661_wavtolip.mp4,data\raw\FakeAVCeleb_v1.2\FakeVideo-RealAudio\African\women\id00568\00384_id01661_wavtolip.mp4,1,FakeVideo-RealAudio,African,women,id00568
FakeAVCeleb_v1.2,FakeAVCeleb_v1.2__FakeVideo-RealAudio__African__women__id00568__00384_id01838_q_lUk55OrL0.mp4,data\raw\FakeAVCeleb_v1.2\FakeVideo-RealAudio\African\women\id00568\00384_id01838_q_lUk55OrL0.mp4,1,FakeVideo-RealAudio,African,women,id00568
FakeAVCeleb_v1.2,FakeAVCeleb_v1.2__FakeVideo-RealAudio__African__women__id00568__00384_id02071_wavtolip.mp4,data\raw\FakeAVCeleb_v1.2\FakeVideo-RealAudio\African\women\id00568\00384_id02071_wavtolip.mp4,1,FakeVideo-RealAudio,African,women,id00568
FakeAVCeleb_v1.2,FakeAVCeleb_v1.2__FakeVideo-RealAudio__African__women__id00568__00384_id02301_WdVa7Mp3brI.mp4,data\raw\FakeAVCeleb_v1.2\FakeVideo-RealAudio\African\women\id00568\00384_id02301_WdVa7Mp3brI.mp4,1,FakeVideo-RealAudio,African,women,id00568
FakeAVCeleb_v1.2,FakeAVCeleb_v1.2__FakeVideo-RealAudio__African__women__id00568__00384_id02617_wavtolip.mp4,data\raw\FakeAVCeleb_v1.2\FakeVideo-RealAudio\African\women\id00568\00384_id02617_wavtolip.mp4,1,FakeVideo-RealAudio,African,women,id00568
FakeAVCeleb_v1.2,FakeAVCeleb_v1.2__FakeVideo-RealAudio__African__women__id00568__00384_id02838_wavtolip.mp4,data\raw\FakeAVCeleb_v1.2\FakeVideo-RealAudio\African\women\id00568\00384_id02838_wavtolip.mp4,1,FakeVideo-RealAudio,African,women,id00568
FakeAVCeleb_v1.2,FakeAVCeleb_v1.2__FakeVideo-RealAudio__African__women__id00568__00384_id03569_wavtolip.mp4,data\raw\FakeAVCeleb_v1.2\FakeVideo-RealAudio\African\women\id00568\00384_id03569_wavtolip.mp4,1,FakeVideo-RealAudio,African,women,id00568
FakeAVCeleb_v1.2,FakeAVCeleb_v1.2__FakeVideo-RealAudio__African__women__id00568__00384_id04055_0qrzF4HLXHY.mp4,data\raw\FakeAVCeleb_v1.2\FakeVideo-RealAudio\African\women\id00568\00384_id04055_0qrzF4HLXHY.mp4,1,FakeVideo-RealAudio,African,women,id00568
FakeAVCeleb_v1.2,FakeAVCeleb_v1.2__FakeVideo-RealAudio__African__women__id00568__00384_id04055_wavtolip.mp4,data\raw\FakeAVCeleb_v1.2\FakeVideo-RealAudio\African\women\id00568\00384_id04055_wavtolip.mp4,1,FakeVideo-RealAudio,African,women,id00568
FakeAVCeleb_v1.2,FakeAVCeleb_v1.2__FakeVideo-RealAudio__African__women__id00568__00384_id04376_wavtolip.mp4,data\raw\FakeAVCeleb_v1.2\FakeVideo-RealAudio\African\women\id00568\00384_id04376_wavtolip.mp4,1,FakeVideo-RealAudio,African,women,id00568
FakeAVCeleb_v1.2,FakeAVCeleb_v1.2__FakeVideo-RealAudio__African__women__id00568__00384_id04736__D2k4fMhEfQ.mp4,data\raw\FakeAVCeleb_v1.2\FakeVideo-RealAudio\African\women\id00568\00384_id04736__D2k4fMhEfQ.mp4,1,FakeVideo-RealAudio,African,women,id00568
FakeAVCeleb_v1.2,FakeAVCeleb_v1.2__FakeVideo-RealAudio__African__women__id00568__00384_id05231_wfbM5puT6eQ.mp4,data\raw\FakeAVCeleb_v1.2\FakeVideo-RealAudio\African\women\id00568\00384_id05231_wfbM5puT6eQ.mp4,1,FakeVideo-RealAudio,African,women,id00568
FakeAVCeleb_v1.2,FakeAVCeleb_v1.2__FakeVideo-RealAudio__African__women__id00568__00384_id05251_c_cxumCQ768.mp4,data\raw\FakeAVCeleb_v1.2\FakeVideo-RealAudio\African\women\id00568\00384_id05251_c_cxumCQ768.mp4,1,FakeVideo-RealAudio,African,women,id00568
FakeAVCeleb_v1.2,FakeAVCeleb_v1.2__FakeVideo-RealAudio__African__women__id00568__00384_id05251_wavtolip.mp4,data\raw\FakeAVCeleb_v1.2\FakeVideo-RealAudio\African\women\id00568\00384_id05251_wavtolip.mp4,1,FakeVideo-RealAudio,African,women,id00568
FakeAVCeleb_v1.2,FakeAVCeleb_v1.2__FakeVideo-RealAudio__African__women__id00568__00384_id05252_CMxIX3absYM.mp4,data\raw\FakeAVCeleb_v1.2\FakeVideo-RealAudio\African\women\id00568\00384_id05252_CMxIX3absYM.mp4,1,FakeVideo-RealAudio,African,women,id00568
FakeAVCeleb_v1.2,FakeAVCeleb_v1.2__FakeVideo-RealAudio__African__women__id00568__00384_id05252_CMxIX3absYM_faceswap.mp4,data\raw\FakeAVCeleb_v1.2\FakeVideo-RealAudio\African\women\id00568\00384_id05252_CMxIX3absYM_faceswap.mp4,1,FakeVideo-RealAudio,African,women,id00568
FakeAVCeleb_v1.2,FakeAVCeleb_v1.2__FakeVideo-RealAudio__African__women__id00568__00384_id05980_wavtolip.mp4,data\raw\FakeAVCeleb_v1.2\FakeVideo-RealAudio\African\women\id00568\00384_id05980_wavtolip.mp4,1,FakeVideo-RealAudio,African,women,id00568
FakeAVCeleb_v1.2,FakeAVCeleb_v1.2__FakeVideo-RealAudio__African__women__id02071__00195_id00359_RZMQan-7me4.mp4,data\raw\FakeAVCeleb_v1.2\FakeVideo-RealAudio\African\women\id02071\00195_id00359_RZMQan-7me4.mp4,1,FakeVideo-RealAudio,African,women,id02071
FakeAVCeleb_v1.2,FakeAVCeleb_v1.2__FakeVideo-RealAudio__African__women__id02071__00195_id00460_9sVM1Crx1FA.mp4,data\raw\FakeAVCeleb_v1.2\FakeVideo-RealAudio\African\women\id02071\00195_id00460_9sVM1Crx1FA.mp4,1,FakeVideo-RealAudio,African,women,id02071
FakeAVCeleb_v1.2,FakeAVCeleb_v1.2__FakeVideo-RealAudio__African__women__id02071__00195_id00568_wavtolip.mp4,data\raw\FakeAVCeleb_v1.2\FakeVideo-RealAudio\African\women\id02071\00195_id00568_wavtolip.mp4,1,FakeVideo-RealAudio,African,women,id02071
FakeAVCeleb_v1.2,FakeAVCeleb_v1.2__FakeVideo-RealAudio__African__women__id02071__00195_id01178_wavtolip.mp4,data\raw\FakeAVCeleb_v1.2\FakeVideo-RealAudio\African\women\id02071\00195_id01178_wavtolip.mp4,1,FakeVideo-RealAudio,African,women,id02071
FakeAVCeleb_v1.2,FakeAVCeleb_v1.2__FakeVideo-RealAudio__African__women__id02071__00195_id01661_SdP_Monh-_4.mp4,data\raw\FakeAVCeleb_v1.2\FakeVideo-RealAudio\African\women\id02071\00195_id01661_SdP_Monh-_4.mp4,1,FakeVideo-RealAudio,African,women,id02071
FakeAVCeleb_v1.2,FakeAVCeleb_v1.2__FakeVideo-RealAudio__African__women__id02071__00195_id01783_WBUM0bHzWNA.mp4,data\raw\FakeAVCeleb_v1.2\FakeVideo-RealAudio\African\women\id02071\00195_id01783_WBUM0bHzWNA.mp4,1,FakeVideo-RealAudio,African,women,id02071
FakeAVCeleb_v1.2,FakeAVCeleb_v1.2__FakeVideo-RealAudio__African__women__id02071__00195_id01838_q_lUk55OrL0.mp4,data\raw\FakeAVCeleb_v1.2\FakeVideo-RealAudio\African\women\id02071\00195_id01838_q_lUk55OrL0.mp4,1,FakeVideo-RealAudio,African,women,id02071
FakeAVCeleb_v1.2,FakeAVCeleb_v1.2__FakeVideo-RealAudio__African__women__id02071__00195_id02617_4EZjRXC4fLk.mp4,data\raw\FakeAVCeleb_v1.2\FakeVideo-RealAudio\African\women\id02071\00195_id02617_4EZjRXC4fLk.mp4,1,FakeVideo-RealAudio,African,women,id02071
FakeAVCeleb_v1.2,FakeAVCeleb_v1.2__FakeVideo-RealAudio__African__women__id02071__00195_id02617_4EZjRXC4fLk_faceswap.mp4,data\raw\FakeAVCeleb_v1.2\FakeVideo-RealAudio\African\women\id02071\00195_id02617_4EZjRXC4fLk_faceswap.mp4,1,FakeVideo-RealAudio,African,women,id02071
FakeAVCeleb_v1.2,FakeAVCeleb_v1.2__FakeVideo-RealAudio__African__women__id02071__00195_id02721_wavtolip.mp4,data\raw\FakeAVCeleb_v1.2\FakeVideo-RealAudio\African\women\id02071\00195_id02721_wavtolip.mp4,1,FakeVideo-RealAudio,African,women,id02071
FakeAVCeleb_v1.2,FakeAVCeleb_v1.2__FakeVideo-RealAudio__African__women__id02071__00195_id02838_wavtolip.mp4,data\raw\FakeAVCeleb_v1.2\FakeVideo-RealAudio\African\women\id02071\00195_id02838_wavtolip.mp4,1,FakeVideo-RealAudio,African,women,id02071
FakeAVCeleb_v1.2,FakeAVCeleb_v1.2__FakeVideo-RealAudio__African__women__id02071__00195_id03658_8Wtu9VXKqjY.mp4,data\raw\FakeAVCeleb_v1.2\FakeVideo-RealAudio\African\women\id02071\00195_id03658_8Wtu9VXKqjY.mp4,1,FakeVideo-RealAudio,African,women,id02071
FakeAVCeleb_v1.2,FakeAVCeleb_v1.2__FakeVideo-RealAudio__African__women__id02071__00195_id04245_nQD_PRlBDyw.mp4,data\raw\FakeAVCeleb_v1.2\FakeVideo-RealAudio\African\women\id02071\00195_id04245_nQD_PRlBDyw.mp4,1,FakeVideo-RealAudio,African,women,id02071
FakeAVCeleb_v1.2,FakeAVCeleb_v1.2__FakeVideo-RealAudio__African__women__id02071__00195_id04437_wavtolip.mp4,data\raw\FakeAVCeleb_v1.2\FakeVideo-RealAudio\African\women\id02071\00195_id04437_wavtolip.mp4,1,FakeVideo-RealAudio,African,women,id02071
FakeAVCeleb_v1.2,FakeAVCeleb_v1.2__FakeVideo-RealAudio__African__women__id02071__00195_id04540_wavtolip.mp4,data\raw\FakeAVCeleb_v1.2\FakeVideo-RealAudio\African\women\id02071\00195_id04540_wavtolip.mp4,1,FakeVideo-RealAudio,African,women,id02071
FakeAVCeleb_v1.2,FakeAVCeleb_v1.2__FakeVideo-RealAudio__African__women__id02071__00195_id04939_wavtolip.mp4,data\raw\FakeAVCeleb_v1.2\FakeVideo-RealAudio\African\women\id02071\00195_id04939_wavtolip.mp4,1,FakeVideo-RealAudio,African,women,id02071
FakeAVCeleb_v1.2,FakeAVCeleb_v1.2__FakeVideo-RealAudio__African__women__id02071__00195_id05106_wavtolip.mp4,data\raw\FakeAVCeleb_v1.2\FakeVideo-RealAudio\African\women\id02071\00195_id05106_wavtolip.mp4,1,FakeVideo-RealAudio,African,women,id02071
FakeAVCeleb_v1.2,FakeAVCeleb_v1.2__FakeVideo-RealAudio__African__women__id02071__00195_id05231_wavtolip.mp4,data\raw\FakeAVCeleb_v1.2\FakeVideo-RealAudio\African\women\id02071\00195_id05231_wavtolip.mp4,1,FakeVideo-RealAudio,African,women,id02071
FakeAVCeleb_v1.2,FakeAVCeleb_v1.2__FakeVideo-RealAudio__African__women__id02071__00195_id05252_wavtolip.mp4,data\raw\FakeAVCeleb_v1.2\FakeVideo-RealAudio\African\women\id02071\00195_id05252_wavtolip.mp4,1,FakeVideo-RealAudio,African,women,id02071
FakeAVCeleb_v1.2,FakeAVCeleb_v1.2__FakeVideo-RealAudio__African__women__id02721__00424_0.mp4,data\raw\FakeAVCeleb_v1.2\FakeVideo-RealAudio\African\women\id02721\00424_0.mp4,1,FakeVideo-RealAudio,African,women,id02721
FakeAVCeleb_v1.2,FakeAVCeleb_v1.2__FakeVideo-RealAudio__African__women__id02721__00424_id00371_t20i0HtPwW0.mp4,data\raw\FakeAVCeleb_v1.2\FakeVideo-RealAudio\African\women\id02721\00424_id00371_t20i0HtPwW0.mp4,1,FakeVideo-RealAudio,African,women,id02721
FakeAVCeleb_v1.2,FakeAVCeleb_v1.2__FakeVideo-RealAudio__African__women__id02721__00424_id00568_gakhcJXnJZ8.mp4,data\raw\FakeAVCeleb_v1.2\FakeVideo-RealAudio\African\women\id02721\00424_id00568_gakhcJXnJZ8.mp4,1,FakeVideo-RealAudio,African,women,id02721
FakeAVCeleb_v1.2,FakeAVCeleb_v1.2__FakeVideo-RealAudio__African__women__id02721__00424_id00577_wavtolip.mp4,data\raw\FakeAVCeleb_v1.2\FakeVideo-RealAudio\African\women\id02721\00424_id00577_wavtolip.mp4,1,FakeVideo-RealAudio,African,women,id02721
FakeAVCeleb_v1.2,FakeAVCeleb_v1.2__FakeVideo-RealAudio__African__women__id02721__00424_id01838_wavtolip.mp4,data\raw\FakeAVCeleb_v1.2\FakeVideo-RealAudio\African\women\id02721\00424_id01838_wavtolip.mp4,1,FakeVideo-RealAudio,African,women,id02721
FakeAVCeleb_v1.2,FakeAVCeleb_v1.2__FakeVideo-RealAudio__African__women__id02721__00424_id02586_dEYzYDsbAeo.mp4,data\raw\FakeAVCeleb_v1.2\FakeVideo-RealAudio\African\women\id02721\00424_id02586_dEYzYDsbAeo.mp4,1,FakeVideo-RealAudio,African,women,id02721
FakeAVCeleb_v1.2,FakeAVCeleb_v1.2__FakeVideo-RealAudio__African__women__id02721__00424_id02586_wavtolip.mp4,data\raw\FakeAVCeleb_v1.2\FakeVideo-RealAudio\African\women\id02721\00424_id02586_wavtolip.mp4,1,FakeVideo-RealAudio,African,women,id02721
FakeAVCeleb_v1.2,FakeAVCeleb_v1.2__FakeVideo-RealAudio__African__women__id02721__00424_id02617_wavtolip.mp4,data\raw\FakeAVCeleb_v1.2\FakeVideo-RealAudio\African\women\id02721\00424_id02617_wavtolip.mp4,1,FakeVideo-RealAudio,African,women,id02721
FakeAVCeleb_v1.2,FakeAVCeleb_v1.2__FakeVideo-RealAudio__African__women__id02721__00424_id02808_nZtvxh6Eesc.mp4,data\raw\FakeAVCeleb_v1.2\FakeVideo-RealAudio\African\women\id02721\00424_id02808_nZtvxh6Eesc.mp4,1,FakeVideo-RealAudio,African,women,id02721
FakeAVCeleb_v1.2,FakeAVCeleb_v1.2__FakeVideo-RealAudio__African__women__id02721__00424_id02808_wavtolip.mp4,data\raw\FakeAVCeleb_v1.2\FakeVideo-RealAudio\African\women\id02721\00424_id02808_wavtolip.mp4,1,FakeVideo-RealAudio,African,women,id02721
FakeAVCeleb_v1.2,FakeAVCeleb_v1.2__FakeVideo-RealAudio__African__women__id02721__00424_id02824_wavtolip.mp4,data\raw\FakeAVCeleb_v1.2\FakeVideo-RealAudio\African\women\id02721\00424_id02824_wavtolip.mp4,1,FakeVideo-RealAudio,African,women,id02721
FakeAVCeleb_v1.2,FakeAVCeleb_v1.2__FakeVideo-RealAudio__African__women__id02721__00424_id02838_wavtolip.mp4,data\raw\FakeAVCeleb_v1.2\FakeVideo-RealAudio\African\women\id02721\00424_id02838_wavtolip.mp4,1,FakeVideo-RealAudio,African,women,id02721
FakeAVCeleb_v1.2,FakeAVCeleb_v1.2__FakeVideo-RealAudio__African__women__id02721__00424_id02948__ZEDGNWjuFE.mp4,data\raw\FakeAVCeleb_v1.2\FakeVideo-RealAudio\African\women\id02721\00424_id02948__ZEDGNWjuFE.mp4,1,FakeVideo-RealAudio,African,women,id02721
FakeAVCeleb_v1.2,FakeAVCeleb_v1.2__FakeVideo-RealAudio__African__women__id02721__00424_id03569_wavtolip.mp4,data\raw\FakeAVCeleb_v1.2\FakeVideo-RealAudio\African\women\id02721\00424_id03569_wavtolip.mp4,1,FakeVideo-RealAudio,African,women,id02721
FakeAVCeleb_v1.2,FakeAVCeleb_v1.2__FakeVideo-RealAudio__African__women__id02721__00424_id03658_8Wtu9VXKqjY.mp4,data\raw\FakeAVCeleb_v1.2\FakeVideo-RealAudio\African\women\id02721\00424_id03658_8Wtu9VXKqjY.mp4,1,FakeVideo-RealAudio,African,women,id02721
FakeAVCeleb_v1.2,FakeAVCeleb_v1.2__FakeVideo-RealAudio__African__women__id02721__00424_id03658_8Wtu9VXKqjY_faceswap.mp4,data\raw\FakeAVCeleb_v1.2\FakeVideo-RealAudio\African\women\id02721\00424_id03658_8Wtu9VXKqjY_faceswap.mp4,1,FakeVideo-RealAudio,African,women,id02721
FakeAVCeleb_v1.2,FakeAVCeleb_v1.2__FakeVideo-RealAudio__African__women__id02721__00424_id04245_wavtolip.mp4,data\raw\FakeAVCeleb_v1.2\FakeVideo-RealAudio\African\women\id02721\00424_id04245_wavtolip.mp4,1,FakeVideo-RealAudio,African,women,id02721
FakeAVCeleb_v1.2,FakeAVCeleb_v1.2__FakeVideo-RealAudio__African__women__id02721__00424_id04376_wavtolip.mp4,data\raw\FakeAVCeleb_v1.2\FakeVideo-RealAudio\African\women\id02721\00424_id04376_wavtolip.mp4,1,FakeVideo-RealAudio,African,women,id02721
FakeAVCeleb_v1.2,FakeAVCeleb_v1.2__FakeVideo-RealAudio__African__women__id02721__00424_id04705_ziJ9JsYr4R0.mp4,data\raw\FakeAVCeleb_v1.2\FakeVideo-RealAudio\African\women\id02721\00424_id04705_ziJ9JsYr4R0.mp4,1,FakeVideo-RealAudio,African,women,id02721
FakeAVCeleb_v1.2,FakeAVCeleb_v1.2__FakeVideo-RealAudio__African__women__id02721__00424_id05231_wfbM5puT6eQ.mp4,data\raw\FakeAVCeleb_v1.2\FakeVideo-RealAudio\African\women\id02721\00424_id05231_wfbM5puT6eQ.mp4,1,FakeVideo-RealAudio,African,women,id02721
FakeAVCeleb_v1.2,FakeAVCeleb_v1.2__FakeVideo-RealAudio__African__women__id03103__00130_0.mp4,data\raw\FakeAVCeleb_v1.2\FakeVideo-RealAudio\African\women\id03103\00130_0.mp4,1,FakeVideo-RealAudio,African,women,id03103
FakeAVCeleb_v1.2,FakeAVCeleb_v1.2__FakeVideo-RealAudio__African__women__id03103__00130_id00460_9sVM1Crx1FA.mp4,data\raw\FakeAVCeleb_v1.2\FakeVideo-RealAudio\African\women\id03103\00130_id00460_9sVM1Crx1FA.mp4,1,FakeVideo-RealAudio,African,women,id03103
FakeAVCeleb_v1.2,FakeAVCeleb_v1.2__FakeVideo-RealAudio__African__women__id03103__00130_id00568_wavtolip.mp4,data\raw\FakeAVCeleb_v1.2\FakeVideo-RealAudio\African\women\id03103\00130_id00568_wavtolip.mp4,1,FakeVideo-RealAudio,African,women,id03103
FakeAVCeleb_v1.2,FakeAVCeleb_v1.2__FakeVideo-RealAudio__African__women__id03103__00130_id00577_3_2j9zcpg18.mp4,data\raw\FakeAVCeleb_v1.2\FakeVideo-RealAudio\African\women\id03103\00130_id00577_3_2j9zcpg18.mp4,1,FakeVideo-RealAudio,African,women,id03103
FakeAVCeleb_v1.2,FakeAVCeleb_v1.2__FakeVideo-RealAudio__African__women__id03103__00130_id00577_wavtolip.mp4,data\raw\FakeAVCeleb_v1.2\FakeVideo-RealAudio\African\women\id03103\00130_id00577_wavtolip.mp4,1,FakeVideo-RealAudio,African,women,id03103
FakeAVCeleb_v1.2,FakeAVCeleb_v1.2__FakeVideo-RealAudio__African__women__id03103__00130_id00829_wavtolip.mp4,data\raw\FakeAVCeleb_v1.2\FakeVideo-RealAudio\African\women\id03103\00130_id00829_wavtolip.mp4,1,FakeVideo-RealAudio,African,women,id03103
FakeAVCeleb_v1.2,FakeAVCeleb_v1.2__FakeVideo-RealAudio__African__women__id03103__00130_id01178_6XpgYMiKxhc.mp4,data\raw\FakeAVCeleb_v1.2\FakeVideo-RealAudio\African\women\id03103\00130_id01178_6XpgYMiKxhc.mp4,1,FakeVideo-RealAudio,African,women,id03103
FakeAVCeleb_v1.2,FakeAVCeleb_v1.2__FakeVideo-RealAudio__African__women__id03103__00130_id01783_wavtolip.mp4,data\raw\FakeAVCeleb_v1.2\FakeVideo-RealAudio\African\women\id03103\00130_id01783_wavtolip.mp4,1,FakeVideo-RealAudio,African,women,id03103
FakeAVCeleb_v1.2,FakeAVCeleb_v1.2__FakeVideo-RealAudio__African__women__id03103__00130_id01838_q_lUk55OrL0.mp4,data\raw\FakeAVCeleb_v1.2\FakeVideo-RealAudio\African\women\id03103\00130_id01838_q_lUk55OrL0.mp4,1,FakeVideo-RealAudio,African,women,id03103
FakeAVCeleb_v1.2,FakeAVCeleb_v1.2__FakeVideo-RealAudio__African__women__id03103__00130_id02301_wavtolip.mp4,data\raw\FakeAVCeleb_v1.2\FakeVideo-RealAudio\African\women\id03103\00130_id02301_wavtolip.mp4,1,FakeVideo-RealAudio,African,women,id03103
FakeAVCeleb_v1.2,FakeAVCeleb_v1.2__FakeVideo-RealAudio__African__women__id03103__00130_id02508_wavtolip.mp4,data\raw\FakeAVCeleb_v1.2\FakeVideo-RealAudio\African\women\id03103\00130_id02508_wavtolip.mp4,1,FakeVideo-RealAudio,African,women,id03103
FakeAVCeleb_v1.2,FakeAVCeleb_v1.2__FakeVideo-RealAudio__African__women__id03103__00130_id02808_wavtolip.mp4,data\raw\FakeAVCeleb_v1.2\FakeVideo-RealAudio\African\women\id03103\00130_id02808_wavtolip.mp4,1,FakeVideo-RealAudio,African,women,id03103
FakeAVCeleb_v1.2,FakeAVCeleb_v1.2__FakeVideo-RealAudio__African__women__id03103__00130_id03656_wavtolip.mp4,data\raw\FakeAVCeleb_v1.2\FakeVideo-RealAudio\African\women\id03103\00130_id03656_wavtolip.mp4,1,FakeVideo-RealAudio,African,women,id03103
FakeAVCeleb_v1.2,FakeAVCeleb_v1.2__FakeVideo-RealAudio__African__women__id03103__00130_id04055_0qrzF4HLXHY.mp4,data\raw\FakeAVCeleb_v1.2\FakeVideo-RealAudio\African\women\id03103\00130_id04055_0qrzF4HLXHY.mp4,1,FakeVideo-RealAudio,African,women,id03103
FakeAVCeleb_v1.2,FakeAVCeleb_v1.2__FakeVideo-RealAudio__African__women__id03103__00130_id04055_wavtolip.mp4,data\raw\FakeAVCeleb_v1.2\FakeVideo-RealAudio\African\women\id03103\00130_id04055_wavtolip.mp4,1,FakeVideo-RealAudio,African,women,id03103
FakeAVCeleb_v1.2,FakeAVCeleb_v1.2__FakeVideo-RealAudio__African__women__id03103__00130_id04547_3Qy2g2M47Aw.mp4,data\raw\FakeAVCeleb_v1.2\FakeVideo-RealAudio\African\women\id03103\00130_id04547_3Qy2g2M47Aw.mp4,1,FakeVideo-RealAudio,African,women,id03103
FakeAVCeleb_v1.2,FakeAVCeleb_v1.2__FakeVideo-RealAudio__African__women__id03103__00130_id04820_64ybrA1atlM.mp4,data\raw\FakeAVCeleb_v1.2\FakeVideo-RealAudio\African\women\id03103\00130_id04820_64ybrA1atlM.mp4,1,FakeVideo-RealAudio,African,women,id03103
FakeAVCeleb_v1.2,FakeAVCeleb_v1.2__FakeVideo-RealAudio__African__women__id03103__00130_id04939_i4v2cXo9HIQ.mp4,data\raw\FakeAVCeleb_v1.2\FakeVideo-RealAudio\African\women\id03103\00130_id04939_i4v2cXo9HIQ.mp4,1,FakeVideo-RealAudio,African,women,id03103
FakeAVCeleb_v1.2,FakeAVCeleb_v1.2__FakeVideo-RealAudio__African__women__id03103__00130_id05235_wavtolip.mp4,data\raw\FakeAVCeleb_v1.2\FakeVideo-RealAudio\African\women\id03103\00130_id05235_wavtolip.mp4,1,FakeVideo-RealAudio,African,women,id03103
FakeAVCeleb_v1.2,FakeAVCeleb_v1.2__FakeVideo-RealAudio__African__women__id03658__00077_id00371_t20i0HtPwW0.mp4,data\raw\FakeAVCeleb_v1.2\FakeVideo-RealAudio\African\women\id03658\00077_id00371_t20i0HtPwW0.mp4,1,FakeVideo-RealAudio,African,women,id03658
FakeAVCeleb_v1.2,FakeAVCeleb_v1.2__FakeVideo-RealAudio__African__women__id03658__00077_id00371_t20i0HtPwW0_faceswap.mp4,data\raw\FakeAVCeleb_v1.2\FakeVideo-RealAudio\African\women\id03658\00077_id00371_t20i0HtPwW0_faceswap.mp4,1,FakeVideo-RealAudio,African,women,id03658
FakeAVCeleb_v1.2,FakeAVCeleb_v1.2__FakeVideo-RealAudio__African__women__id03658__00077_id00460_9sVM1Crx1FA.mp4,data\raw\FakeAVCeleb_v1.2\FakeVideo-RealAudio\African\women\id03658\00077_id00460_9sVM1Crx1FA.mp4,1,FakeVideo-RealAudio,African,women,id03658
FakeAVCeleb_v1.2,FakeAVCeleb_v1.2__FakeVideo-RealAudio__African__women__id03658__00077_id00460_wavtolip.mp4,data\raw\FakeAVCeleb_v1.2\FakeVideo-RealAudio\African\women\id03658\00077_id00460_wavtolip.mp4,1,FakeVideo-RealAudio,African,women,id03658
FakeAVCeleb_v1.2,FakeAVCeleb_v1.2__FakeVideo-RealAudio__African__women__id03658__00077_id01783_wavtolip.mp4,data\raw\FakeAVCeleb_v1.2\FakeVideo-RealAudio\African\women\id03658\00077_id01783_wavtolip.mp4,1,FakeVideo-RealAudio,African,women,id03658
FakeAVCeleb_v1.2,FakeAVCeleb_v1.2__FakeVideo-RealAudio__African__women__id03658__00077_id01783_WBUM0bHzWNA.mp4,data\raw\FakeAVCeleb_v1.2\FakeVideo-RealAudio\African\women\id03658\00077_id01783_WBUM0bHzWNA.mp4,1,FakeVideo-RealAudio,African,women,id03658
FakeAVCeleb_v1.2,FakeAVCeleb_v1.2__FakeVideo-RealAudio__African__women__id03658__00077_id01907_wavtolip.mp4,data\raw\FakeAVCeleb_v1.2\FakeVideo-RealAudio\African\women\id03658\00077_id01907_wavtolip.mp4,1,FakeVideo-RealAudio,African,women,id03658
FakeAVCeleb_v1.2,FakeAVCeleb_v1.2__FakeVideo-RealAudio__African__women__id03658__00077_id02071_cHuDh9F87vA.mp4,data\raw\FakeAVCeleb_v1.2\FakeVideo-RealAudio\African\women\id03658\00077_id02071_cHuDh9F87vA.mp4,1,FakeVideo-RealAudio,African,women,id03658
FakeAVCeleb_v1.2,FakeAVCeleb_v1.2__FakeVideo-RealAudio__African__women__id03658__00077_id02071_wavtolip.mp4,data\raw\FakeAVCeleb_v1.2\FakeVideo-RealAudio\African\women\id03658\00077_id02071_wavtolip.mp4,1,FakeVideo-RealAudio,African,women,id03658
FakeAVCeleb_v1.2,FakeAVCeleb_v1.2__FakeVideo-RealAudio__African__women__id03658__00077_id02721_rwNm8RKL47Y.mp4,data\raw\FakeAVCeleb_v1.2\FakeVideo-RealAudio\African\women\id03658\00077_id02721_rwNm8RKL47Y.mp4,1,FakeVideo-RealAudio,African,women,id03658
FakeAVCeleb_v1.2,FakeAVCeleb_v1.2__FakeVideo-RealAudio__African__women__id03658__00077_id03713_wavtolip.mp4,data\raw\FakeAVCeleb_v1.2\FakeVideo-RealAudio\African\women\id03658\00077_id03713_wavtolip.mp4,1,FakeVideo-RealAudio,African,women,id03658
FakeAVCeleb_v1.2,FakeAVCeleb_v1.2__FakeVideo-RealAudio__African__women__id03658__00077_id04245_nQD_PRlBDyw.mp4,data\raw\FakeAVCeleb_v1.2\FakeVideo-RealAudio\African\women\id03658\00077_id04245_nQD_PRlBDyw.mp4,1,FakeVideo-RealAudio,African,women,id03658
FakeAVCeleb_v1.2,FakeAVCeleb_v1.2__FakeVideo-RealAudio__African__women__id03658__00077_id04374_wavtolip.mp4,data\raw\FakeAVCeleb_v1.2\FakeVideo-RealAudio\African\women\id03658\00077_id04374_wavtolip.mp4,1,FakeVideo-RealAudio,African,women,id03658
FakeAVCeleb_v1.2,FakeAVCeleb_v1.2__FakeVideo-RealAudio__African__women__id03658__00077_id04376_wavtolip.mp4,data\raw\FakeAVCeleb_v1.2\FakeVideo-RealAudio\African\women\id03658\00077_id04376_wavtolip.mp4,1,FakeVideo-RealAudio,African,women,id03658
FakeAVCeleb_v1.2,FakeAVCeleb_v1.2__FakeVideo-RealAudio__African__women__id03658__00077_id05106_wavtolip.mp4,data\raw\FakeAVCeleb_v1.2\FakeVideo-RealAudio\African\women\id03658\00077_id05106_wavtolip.mp4,1,FakeVideo-RealAudio,African,women,id03658
FakeAVCeleb_v1.2,FakeAVCeleb_v1.2__FakeVideo-RealAudio__African__women__id03658__00077_id05231_wavtolip.mp4,data\raw\FakeAVCeleb_v1.2\FakeVideo-RealAudio\African\women\id03658\00077_id05231_wavtolip.mp4,1,FakeVideo-RealAudio,African,women,id03658
FakeAVCeleb_v1.2,FakeAVCeleb_v1.2__FakeVideo-RealAudio__African__women__id03658__00077_id05251_wavtolip.mp4,data\raw\FakeAVCeleb_v1.2\FakeVideo-RealAudio\African\women\id03658\00077_id05251_wavtolip.mp4,1,FakeVideo-RealAudio,African,women,id03658
FakeAVCeleb_v1.2,FakeAVCeleb_v1.2__FakeVideo-RealAudio__African__women__id03658__00077_id05980_bbg4HtuM_jo.mp4,data\raw\FakeAVCeleb_v1.2\FakeVideo-RealAudio\African\women\id03658\00077_id05980_bbg4HtuM_jo.mp4,1,FakeVideo-RealAudio,African,women,id03658
FakeAVCeleb_v1.2,FakeAVCeleb_v1.2__FakeVideo-RealAudio__African__women__id03713__00249_id00359_wavtolip.mp4,data\raw\FakeAVCeleb_v1.2\FakeVideo-RealAudio\African\women\id03713\00249_id00359_wavtolip.mp4,1,FakeVideo-RealAudio,African,women,id03713
FakeAVCeleb_v1.2,FakeAVCeleb_v1.2__FakeVideo-RealAudio__African__women__id03713__00249_id00371_t20i0HtPwW0.mp4,data\raw\FakeAVCeleb_v1.2\FakeVideo-RealAudio\African\women\id03713\00249_id00371_t20i0HtPwW0.mp4,1,FakeVideo-RealAudio,African,women,id03713
FakeAVCeleb_v1.2,FakeAVCeleb_v1.2__FakeVideo-RealAudio__African__women__id03713__00249_id00460_9sVM1Crx1FA.mp4,data\raw\FakeAVCeleb_v1.2\FakeVideo-RealAudio\African\women\id03713\00249_id00460_9sVM1Crx1FA.mp4,1,FakeVideo-RealAudio,African,women,id03713
FakeAVCeleb_v1.2,FakeAVCeleb_v1.2__FakeVideo-RealAudio__African__women__id03713__00249_id00568_wavtolip.mp4,data\raw\FakeAVCeleb_v1.2\FakeVideo-RealAudio\African\women\id03713\00249_id00568_wavtolip.mp4,1,FakeVideo-RealAudio,African,women,id03713
FakeAVCeleb_v1.2,FakeAVCeleb_v1.2__FakeVideo-RealAudio__African__women__id03713__00249_id01532_XnlWp_s_f7Q.mp4,data\raw\FakeAVCeleb_v1.2\FakeVideo-RealAudio\African\women\id03713\00249_id01532_XnlWp_s_f7Q.mp4,1,FakeVideo-RealAudio,African,women,id03713
FakeAVCeleb_v1.2,FakeAVCeleb_v1.2__FakeVideo-RealAudio__African__women__id03713__00249_id01907_wavtolip.mp4,data\raw\FakeAVCeleb_v1.2\FakeVideo-RealAudio\African\women\id03713\00249_id01907_wavtolip.mp4,1,FakeVideo-RealAudio,African,women,id03713
FakeAVCeleb_v1.2,FakeAVCeleb_v1.2__FakeVideo-RealAudio__African__women__id03713__00249_id02301_wavtolip.mp4,data\raw\FakeAVCeleb_v1.2\FakeVideo-RealAudio\African\women\id03713\00249_id02301_wavtolip.mp4,1,FakeVideo-RealAudio,African,women,id03713
FakeAVCeleb_v1.2,FakeAVCeleb_v1.2__FakeVideo-RealAudio__African__women__id03713__00249_id02617_4EZjRXC4fLk_faceswap.mp4,data\raw\FakeAVCeleb_v1.2\FakeVideo-RealAudio\African\women\id03713\00249_id02617_4EZjRXC4fLk_faceswap.mp4,1,FakeVideo-RealAudio,African,women,id03713
FakeAVCeleb_v1.2,FakeAVCeleb_v1.2__FakeVideo-RealAudio__African__women__id03713__00249_id02721_wavtolip.mp4,data\raw\FakeAVCeleb_v1.2\FakeVideo-RealAudio\African\women\id03713\00249_id02721_wavtolip.mp4,1,FakeVideo-RealAudio,African,women,id03713
FakeAVCeleb_v1.2,FakeAVCeleb_v1.2__FakeVideo-RealAudio__African__women__id03713__00249_id02824_glBy_mYcXZw.mp4,data\raw\FakeAVCeleb_v1.2\FakeVideo-RealAudio\African\women\id03713\00249_id02824_glBy_mYcXZw.mp4,1,FakeVideo-RealAudio,African,women,id03713
FakeAVCeleb_v1.2,FakeAVCeleb_v1.2__FakeVideo-RealAudio__African__women__id03713__00249_id02948_wavtolip.mp4,data\raw\FakeAVCeleb_v1.2\FakeVideo-RealAudio\African\women\id03713\00249_id02948_wavtolip.mp4,1,FakeVideo-RealAudio,African,women,id03713
FakeAVCeleb_v1.2,FakeAVCeleb_v1.2__FakeVideo-RealAudio__African__women__id03713__00249_id03103_wiCYm3THQPw.mp4,data\raw\FakeAVCeleb_v1.2\FakeVideo-RealAudio\African\women\id03713\00249_id03103_wiCYm3THQPw.mp4,1,FakeVideo-RealAudio,African,women,id03713
FakeAVCeleb_v1.2,FakeAVCeleb_v1.2__FakeVideo-RealAudio__African__women__id03713__00249_id03658_8Wtu9VXKqjY.mp4,data\raw\FakeAVCeleb_v1.2\FakeVideo-RealAudio\African\women\id03713\00249_id03658_8Wtu9VXKqjY.mp4,1,FakeVideo-RealAudio,African,women,id03713
FakeAVCeleb_v1.2,FakeAVCeleb_v1.2__FakeVideo-RealAudio__African__women__id03713__00249_id03713_wavtolip.mp4,data\raw\FakeAVCeleb_v1.2\FakeVideo-RealAudio\African\women\id03713\00249_id03713_wavtolip.mp4,1,FakeVideo-RealAudio,African,women,id03713
FakeAVCeleb_v1.2,FakeAVCeleb_v1.2__FakeVideo-RealAudio__African__women__id03713__00249_id04547_wavtolip.mp4,data\raw\FakeAVCeleb_v1.2\FakeVideo-RealAudio\African\women\id03713\00249_id04547_wavtolip.mp4,1,FakeVideo-RealAudio,African,women,id03713
FakeAVCeleb_v1.2,FakeAVCeleb_v1.2__FakeVideo-RealAudio__African__women__id03713__00249_id04689_wavtolip.mp4,data\raw\FakeAVCeleb_v1.2\FakeVideo-RealAudio\African\women\id03713\00249_id04689_wavtolip.mp4,1,FakeVideo-RealAudio,African,women,id03713
FakeAVCeleb_v1.2,FakeAVCeleb_v1.2__FakeVideo-RealAudio__African__women__id03713__00249_id04736__D2k4fMhEfQ.mp4,data\raw\FakeAVCeleb_v1.2\FakeVideo-RealAudio\African\women\id03713\00249_id04736__D2k4fMhEfQ.mp4,1,FakeVideo-RealAudio,African,women,id03713
FakeAVCeleb_v1.2,FakeAVCeleb_v1.2__FakeVideo-RealAudio__African__women__id03713__00249_id05231_wavtolip.mp4,data\raw\FakeAVCeleb_v1.2\FakeVideo-RealAudio\African\women\id03713\00249_id05231_wavtolip.mp4,1,FakeVideo-RealAudio,African,women,id03713
FakeAVCeleb_v1.2,FakeAVCeleb_v1.2__FakeVideo-RealAudio__African__women__id04736__00083_0.mp4,data\raw\FakeAVCeleb_v1.2\FakeVideo-RealAudio\African\women\id04736\00083_0.mp4,1,FakeVideo-RealAudio,African,women,id04736
FakeAVCeleb_v1.2,FakeAVCeleb_v1.2__FakeVideo-RealAudio__African__women__id04736__00083_id00359_wavtolip.mp4,data\raw\FakeAVCeleb_v1.2\FakeVideo-RealAudio\African\women\id04736\00083_id00359_wavtolip.mp4,1,FakeVideo-RealAudio,African,women,id04736
FakeAVCeleb_v1.2,FakeAVCeleb_v1.2__FakeVideo-RealAudio__African__women__id04736__00083_id00568_wavtolip.mp4,data\raw\FakeAVCeleb_v1.2\FakeVideo-RealAudio\African\women\id04736\00083_id00568_wavtolip.mp4,1,FakeVideo-RealAudio,African,women,id04736
FakeAVCeleb_v1.2,FakeAVCeleb_v1.2__FakeVideo-RealAudio__African__women__id04736__00083_id00829_wavtolip.mp4,data\raw\FakeAVCeleb_v1.2\FakeVideo-RealAudio\African\women\id04736\00083_id00829_wavtolip.mp4,1,FakeVideo-RealAudio,African,women,id04736
FakeAVCeleb_v1.2,FakeAVCeleb_v1.2__FakeVideo-RealAudio__African__women__id04736__00083_id01178_wavtolip.mp4,data\raw\FakeAVCeleb_v1.2\FakeVideo-RealAudio\African\women\id04736\00083_id01178_wavtolip.mp4,1,FakeVideo-RealAudio,African,women,id04736
FakeAVCeleb_v1.2,FakeAVCeleb_v1.2__FakeVideo-RealAudio__African__women__id04736__00083_id02071_wavtolip.mp4,data\raw\FakeAVCeleb_v1.2\FakeVideo-RealAudio\African\women\id04736\00083_id02071_wavtolip.mp4,1,FakeVideo-RealAudio,African,women,id04736
FakeAVCeleb_v1.2,FakeAVCeleb_v1.2__FakeVideo-RealAudio__African__women__id04736__00083_id02824_wavtolip.mp4,data\raw\FakeAVCeleb_v1.2\FakeVideo-RealAudio\African\women\id04736\00083_id02824_wavtolip.mp4,1,FakeVideo-RealAudio,African,women,id04736
FakeAVCeleb_v1.2,FakeAVCeleb_v1.2__FakeVideo-RealAudio__African__women__id04736__00083_id03569_wavtolip.mp4,data\raw\FakeAVCeleb_v1.2\FakeVideo-RealAudio\African\women\id04736\00083_id03569_wavtolip.mp4,1,FakeVideo-RealAudio,African,women,id04736
FakeAVCeleb_v1.2,FakeAVCeleb_v1.2__FakeVideo-RealAudio__African__women__id04736__00083_id03713_wavtolip.mp4,data\raw\FakeAVCeleb_v1.2\FakeVideo-RealAudio\African\women\id04736\00083_id03713_wavtolip.mp4,1,FakeVideo-RealAudio,African,women,id04736
FakeAVCeleb_v1.2,FakeAVCeleb_v1.2__FakeVideo-RealAudio__African__women__id04736__00083_id04055_wavtolip.mp4,data\raw\FakeAVCeleb_v1.2\FakeVideo-RealAudio\African\women\id04736\00083_id04055_wavtolip.mp4,1,FakeVideo-RealAudio,African,women,id04736
FakeAVCeleb_v1.2,FakeAVCeleb_v1.2__FakeVideo-RealAudio__African__women__id04736__00083_id04547_wavtolip.mp4,data\raw\FakeAVCeleb_v1.2\FakeVideo-RealAudio\African\women\id04736\00083_id04547_wavtolip.mp4,1,FakeVideo-RealAudio,African,women,id04736
FakeAVCeleb_v1.2,FakeAVCeleb_v1.2__FakeVideo-RealAudio__African__women__id04736__00083_id05235_ASy8lP3SRtw.mp4,data\raw\FakeAVCeleb_v1.2\FakeVideo-RealAudio\African\women\id04736\00083_id05235_ASy8lP3SRtw.mp4,1,FakeVideo-RealAudio,African,women,id04736
FakeAVCeleb_v1.2,FakeAVCeleb_v1.2__FakeVideo-RealAudio__African__women__id04736__00083_id05235_ASy8lP3SRtw_faceswap.mp4,data\raw\FakeAVCeleb_v1.2\FakeVideo-RealAudio\African\women\id04736\00083_id05235_ASy8lP3SRtw_faceswap.mp4,1,FakeVideo-RealAudio,African,women,id04736
FakeAVCeleb_v1.2,FakeAVCeleb_v1.2__FakeVideo-RealAudio__Asian (East)__men__id00056__00028_id00597_wavtolip.mp4,data\raw\FakeAVCeleb_v1.2\FakeVideo-RealAudio\Asian (East)\men\id00056\00028_id00597_wavtolip.mp4,1,FakeVideo-RealAudio,Asian (East),men,id00056
FakeAVCeleb_v1.2,FakeAVCeleb_v1.2__FakeVideo-RealAudio__Asian (East)__men__id00056__00028_id00863_wavtolip.mp4,data\raw\FakeAVCeleb_v1.2\FakeVideo-RealAudio\Asian (East)\men\id00056\00028_id00863_wavtolip.mp4,1,FakeVideo-RealAudio,Asian (East),men,id00056
FakeAVCeleb_v1.2,FakeAVCeleb_v1.2__FakeVideo-RealAudio__Asian (East)__men__id00056__00028_id01683_HJYEPsPyfAw.mp4,data\raw\FakeAVCeleb_v1.2\FakeVideo-RealAudio\Asian (East)\men\id00056\00028_id01683_HJYEPsPyfAw.mp4,1,FakeVideo-RealAudio,Asian (East),men,id00056
FakeAVCeleb_v1.2,FakeAVCeleb_v1.2__FakeVideo-RealAudio__Asian (East)__men__id00056__00028_id02365_KTHM_LvjcgY.mp4,data\raw\FakeAVCeleb_v1.2\FakeVideo-RealAudio\Asian (East)\men\id00056\00028_id02365_KTHM_LvjcgY.mp4,1,FakeVideo-RealAudio,Asian (East),men,id00056
FakeAVCeleb_v1.2,FakeAVCeleb_v1.2__FakeVideo-RealAudio__Asian (East)__men__id00056__00028_id02365_wavtolip.mp4,data\raw\FakeAVCeleb_v1.2\FakeVideo-RealAudio\Asian (East)\men\id00056\00028_id02365_wavtolip.mp4,1,FakeVideo-RealAudio,Asian (East),men,id00056
FakeAVCeleb_v1.2,FakeAVCeleb_v1.2__FakeVideo-RealAudio__Asian (East)__men__id00056__00028_id04111_Fg4CZ7ZzAGU.mp4,data\raw\FakeAVCeleb_v1.2\FakeVideo-RealAudio\Asian (East)\men\id00056\00028_id04111_Fg4CZ7ZzAGU.mp4,1,FakeVideo-RealAudio,Asian (East),men,id00056
FakeAVCeleb_v1.2,FakeAVCeleb_v1.2__FakeVideo-RealAudio__Asian (East)__men__id00056__00028_id04222_wavtolip.mp4,data\raw\FakeAVCeleb_v1.2\FakeVideo-RealAudio\Asian (East)\men\id00056\00028_id04222_wavtolip.mp4,1,FakeVideo-RealAudio,Asian (East),men,id00056
FakeAVCeleb_v1.2,FakeAVCeleb_v1.2__FakeVideo-RealAudio__Asian (East)__men__id00056__00028_id05268_wavtolip.mp4,data\raw\FakeAVCeleb_v1.2\FakeVideo-RealAudio\Asian (East)\men\id00056\00028_id05268_wavtolip.mp4,1,FakeVideo-RealAudio,Asian (East),men,id00056
FakeAVCeleb_v1.2,FakeAVCeleb_v1.2__FakeVideo-RealAudio__Asian (East)__men__id00056__00028_id05383_wavtolip.mp4,data\raw\FakeAVCeleb_v1.2\FakeVideo-RealAudio\Asian (East)\men\id00056\00028_id05383_wavtolip.mp4,1,FakeVideo-RealAudio,Asian (East),men,id00056
FakeAVCeleb_v1.2,FakeAVCeleb_v1.2__FakeVideo-RealAudio__Asian (East)__men__id00056__00028_id05743_Fjri4MXHXWY.mp4,data\raw\FakeAVCeleb_v1.2\FakeVideo-RealAudio\Asian (East)\men\id00056\00028_id05743_Fjri4MXHXWY.mp4,1,FakeVideo-RealAudio,Asian (East),men,id00056
FakeAVCeleb_v1.2,FakeAVCeleb_v1.2__FakeVideo-RealAudio__Asian (East)__men__id00056__00028_id06269_Jm9bEizIGBE.mp4,data\raw\FakeAVCeleb_v1.2\FakeVideo-RealAudio\Asian (East)\men\id00056\00028_id06269_Jm9bEizIGBE.mp4,1,FakeVideo-RealAudio,Asian (East),men,id00056
FakeAVCeleb_v1.2,FakeAVCeleb_v1.2__FakeVideo-RealAudio__Asian (East)__men__id00056__00028_id06269_wavtolip.mp4,data\raw\FakeAVCeleb_v1.2\FakeVideo-RealAudio\Asian (East)\men\id00056\00028_id06269_wavtolip.mp4,1,FakeVideo-RealAudio,Asian (East),men,id00056
FakeAVCeleb_v1.2,FakeAVCeleb_v1.2__FakeVideo-RealAudio__Asian (East)__men__id00056__00028_id06470_XoAiqCrOlyk.mp4,data\raw\FakeAVCeleb_v1.2\FakeVideo-RealAudio\Asian (East)\men\id00056\00028_id06470_XoAiqCrOlyk.mp4,1,FakeVideo-RealAudio,Asian (East),men,id00056
FakeAVCeleb_v1.2,FakeAVCeleb_v1.2__FakeVideo-RealAudio__Asian (East)__men__id00056__00028_id06535_wavtolip.mp4,data\raw\FakeAVCeleb_v1.2\FakeVideo-RealAudio\Asian (East)\men\id00056\00028_id06535_wavtolip.mp4,1,FakeVideo-RealAudio,Asian (East),men,id00056
FakeAVCeleb_v1.2,FakeAVCeleb_v1.2__FakeVideo-RealAudio__Asian (East)__men__id00056__00028_id07102_4gKPlwvjpsI.mp4,data\raw\FakeAVCeleb_v1.2\FakeVideo-RealAudio\Asian (East)\men\id00056\00028_id07102_4gKPlwvjpsI.mp4,1,FakeVideo-RealAudio,Asian (East),men,id00056
FakeAVCeleb_v1.2,FakeAVCeleb_v1.2__FakeVideo-RealAudio__Asian (East)__men__id00056__00028_id07102_4gKPlwvjpsI_faceswap.mp4,data\raw\FakeAVCeleb_v1.2\FakeVideo-RealAudio\Asian (East)\men\id00056\00028_id07102_4gKPlwvjpsI_faceswap.mp4,1,FakeVideo-RealAudio,Asian (East),men,id00056
FakeAVCeleb_v1.2,FakeAVCeleb_v1.2__FakeVideo-RealAudio__Asian (East)__men__id00056__00028_id09053_6baCAGutGFg.mp4,data\raw\FakeAVCeleb_v1.2\FakeVideo-RealAudio\Asian (East)\men\id00056\00028_id09053_6baCAGutGFg.mp4,1,FakeVideo-RealAudio,Asian (East),men,id00056
FakeAVCeleb_v1.2,FakeAVCeleb_v1.2__FakeVideo-RealAudio__Asian (East)__men__id00056__00028_id09053_wavtolip.mp4,data\raw\FakeAVCeleb_v1.2\FakeVideo-RealAudio\Asian (East)\men\id00056\00028_id09053_wavtolip.mp4,1,FakeVideo-RealAudio,Asian (East),men,id00056
FakeAVCeleb_v1.2,FakeAVCeleb_v1.2__FakeVideo-RealAudio__Asian (East)__men__id00056__00028_id09143_wavtolip.mp4,data\raw\FakeAVCeleb_v1.2\FakeVideo-RealAudio\Asian (East)\men\id00056\00028_id09143_wavtolip.mp4,1,FakeVideo-RealAudio,Asian (East),men,id00056
FakeAVCeleb_v1.2,FakeAVCeleb_v1.2__FakeVideo-RealAudio__Asian (East)__men__id03965__00051.mp4,data\raw\FakeAVCeleb_v1.2\FakeVideo-RealAudio\Asian (East)\men\id03965\00051.mp4,1,FakeVideo-RealAudio,Asian (East),men,id03965
FakeAVCeleb_v1.2,FakeAVCeleb_v1.2__FakeVideo-RealAudio__Asian (East)__men__id03965__00051_id00560_wavtolip.mp4,data\raw\FakeAVCeleb_v1.2\FakeVideo-RealAudio\Asian (East)\men\id03965\00051_id00560_wavtolip.mp4,1,FakeVideo-RealAudio,Asian (East),men,id03965
FakeAVCeleb_v1.2,FakeAVCeleb_v1.2__FakeVideo-RealAudio__Asian (East)__men__id03965__00051_id00740_wavtolip.mp4,data\raw\FakeAVCeleb_v1.2\FakeVideo-RealAudio\Asian (East)\men\id03965\00051_id00740_wavtolip.mp4,1,FakeVideo-RealAudio,Asian (East),men,id03965
FakeAVCeleb_v1.2,FakeAVCeleb_v1.2__FakeVideo-RealAudio__Asian (East)__men__id03965__00051_id03028_wavtolip.mp4,data\raw\FakeAVCeleb_v1.2\FakeVideo-RealAudio\Asian (East)\men\id03965\00051_id03028_wavtolip.mp4,1,FakeVideo-RealAudio,Asian (East),men,id03965
FakeAVCeleb_v1.2,FakeAVCeleb_v1.2__FakeVideo-RealAudio__Asian (East)__men__id03965__00051_id03889_wavtolip.mp4,data\raw\FakeAVCeleb_v1.2\FakeVideo-RealAudio\Asian (East)\men\id03965\00051_id03889_wavtolip.mp4,1,FakeVideo-RealAudio,Asian (East),men,id03965
FakeAVCeleb_v1.2,FakeAVCeleb_v1.2__FakeVideo-RealAudio__Asian (East)__men__id03965__00051_id04691_wavtolip.mp4,data\raw\FakeAVCeleb_v1.2\FakeVideo-RealAudio\Asian (East)\men\id03965\00051_id04691_wavtolip.mp4,1,FakeVideo-RealAudio,Asian (East),men,id03965
FakeAVCeleb_v1.2,FakeAVCeleb_v1.2__FakeVideo-RealAudio__Asian (East)__men__id03965__00051_id04789_wavtolip.mp4,data\raw\FakeAVCeleb_v1.2\FakeVideo-RealAudio\Asian (East)\men\id03965\00051_id04789_wavtolip.mp4,1,FakeVideo-RealAudio,Asian (East),men,id03965
FakeAVCeleb_v1.2,FakeAVCeleb_v1.2__FakeVideo-RealAudio__Asian (East)__men__id03965__00051_id05268_wavtolip.mp4,data\raw\FakeAVCeleb_v1.2\FakeVideo-RealAudio\Asian (East)\men\id03965\00051_id05268_wavtolip.mp4,1,FakeVideo-RealAudio,Asian (East),men,id03965
FakeAVCeleb_v1.2,FakeAVCeleb_v1.2__FakeVideo-RealAudio__Asian (East)__men__id03965__00051_id05383_wavtolip.mp4,data\raw\FakeAVCeleb_v1.2\FakeVideo-RealAudio\Asian (East)\men\id03965\00051_id05383_wavtolip.mp4,1,FakeVideo-RealAudio,Asian (East),men,id03965
FakeAVCeleb_v1.2,FakeAVCeleb_v1.2__FakeVideo-RealAudio__Asian (East)__men__id03965__00051_id06776_wavtolip.mp4,data\raw\FakeAVCeleb_v1.2\FakeVideo-RealAudio\Asian (East)\men\id03965\00051_id06776_wavtolip.mp4,1,FakeVideo-RealAudio,Asian (East),men,id03965
FakeAVCeleb_v1.2,FakeAVCeleb_v1.2__FakeVideo-RealAudio__Asian (East)__men__id03965__00051_id09143_wavtolip.mp4,data\raw\FakeAVCeleb_v1.2\FakeVideo-RealAudio\Asian (East)\men\id03965\00051_id09143_wavtolip.mp4,1,FakeVideo-RealAudio,Asian (East),men,id03965
FakeAVCeleb_v1.2,FakeAVCeleb_v1.2__FakeVideo-RealAudio__Asian (East)__men__id04222__00078_id00863_wavtolip.mp4,data\raw\FakeAVCeleb_v1.2\FakeVideo-RealAudio\Asian (East)\men\id04222\00078_id00863_wavtolip.mp4,1,FakeVideo-RealAudio,Asian (East),men,id04222
FakeAVCeleb_v1.2,FakeAVCeleb_v1.2__FakeVideo-RealAudio__Asian (East)__men__id04222__00078_id02332_hlo8q3-L9vI.mp4,data\raw\FakeAVCeleb_v1.2\FakeVideo-RealAudio\Asian (East)\men\id04222\00078_id02332_hlo8q3-L9vI.mp4,1,FakeVideo-RealAudio,Asian (East),men,id04222
FakeAVCeleb_v1.2,FakeAVCeleb_v1.2__FakeVideo-RealAudio__Asian (East)__men__id04222__00078_id02332_hlo8q3-L9vI_faceswap.mp4,data\raw\FakeAVCeleb_v1.2\FakeVideo-RealAudio\Asian (East)\men\id04222\00078_id02332_hlo8q3-L9vI_faceswap.mp4,1,FakeVideo-RealAudio,Asian (East),men,id04222
FakeAVCeleb_v1.2,FakeAVCeleb_v1.2__FakeVideo-RealAudio__Asian (East)__men__id04222__00078_id02553_wavtolip.mp4,data\raw\FakeAVCeleb_v1.2\FakeVideo-RealAudio\Asian (East)\men\id04222\00078_id02553_wavtolip.mp4,1,FakeVideo-RealAudio,Asian (East),men,id04222
FakeAVCeleb_v1.2,FakeAVCeleb_v1.2__FakeVideo-RealAudio__Asian (East)__men__id04222__00078_id03889_wavtolip.mp4,data\raw\FakeAVCeleb_v1.2\FakeVideo-RealAudio\Asian (East)\men\id04222\00078_id03889_wavtolip.mp4,1,FakeVideo-RealAudio,Asian (East),men,id04222
FakeAVCeleb_v1.2,FakeAVCeleb_v1.2__FakeVideo-RealAudio__Asian (East)__men__id04222__00078_id04687_cSxCV6zdmwo.mp4,data\raw\FakeAVCeleb_v1.2\FakeVideo-RealAudio\Asian (East)\men\id04222\00078_id04687_cSxCV6zdmwo.mp4,1,FakeVideo-RealAudio,Asian (East),men,id04222
FakeAVCeleb_v1.2,FakeAVCeleb_v1.2__FakeVideo-RealAudio__Asian (East)__men__id04222__00078_id04774_k3yOcTA95dg.mp4,data\raw\FakeAVCeleb_v1.2\FakeVideo-RealAudio\Asian (East)\men\id04222\00078_id04774_k3yOcTA95dg.mp4,1,FakeVideo-RealAudio,Asian (East),men,id04222
FakeAVCeleb_v1.2,FakeAVCeleb_v1.2__FakeVideo-RealAudio__Asian (East)__men__id04222__00078_id05332_wavtolip.mp4,data\raw\FakeAVCeleb_v1.2\FakeVideo-RealAudio\Asian (East)\men\id04222\00078_id05332_wavtolip.mp4,1,FakeVideo-RealAudio,Asian (East),men,id04222
FakeAVCeleb_v1.2,FakeAVCeleb_v1.2__FakeVideo-RealAudio__Asian (East)__men__id04222__00078_id05383_wavtolip.mp4,data\raw\FakeAVCeleb_v1.2\FakeVideo-RealAudio\Asian (East)\men\id04222\00078_id05383_wavtolip.mp4,1,FakeVideo-RealAudio,Asian (East),men,id04222
FakeAVCeleb_v1.2,FakeAVCeleb_v1.2__FakeVideo-RealAudio__Asian (East)__men__id04222__00078_id06269_Jm9bEizIGBE.mp4,data\raw\FakeAVCeleb_v1.2\FakeVideo-RealAudio\Asian (East)\men\id04222\00078_id06269_Jm9bEizIGBE.mp4,1,FakeVideo-RealAudio,Asian (East),men,id04222
FakeAVCeleb_v1.2,FakeAVCeleb_v1.2__FakeVideo-RealAudio__Asian (East)__men__id04222__00078_id06269_wavtolip.mp4,data\raw\FakeAVCeleb_v1.2\FakeVideo-RealAudio\Asian (East)\men\id04222\00078_id06269_wavtolip.mp4,1,FakeVideo-RealAudio,Asian (East),men,id04222
FakeAVCeleb_v1.2,FakeAVCeleb_v1.2__FakeVideo-RealAudio__Asian (East)__men__id04222__00078_id06467_bN8jVda0Byw.mp4,data\raw\FakeAVCeleb_v1.2\FakeVideo-RealAudio\Asian (East)\men\id04222\00078_id06467_bN8jVda0Byw.mp4,1,FakeVideo-RealAudio,Asian (East),men,id04222
FakeAVCeleb_v1.2,FakeAVCeleb_v1.2__FakeVideo-RealAudio__Asian (East)__men__id04222__00078_id06467_wavtolip.mp4,data\raw\FakeAVCeleb_v1.2\FakeVideo-RealAudio\Asian (East)\men\id04222\00078_id06467_wavtolip.mp4,1,FakeVideo-RealAudio,Asian (East),men,id04222
FakeAVCeleb_v1.2,FakeAVCeleb_v1.2__FakeVideo-RealAudio__Asian (East)__men__id04222__00078_id06878_wavtolip.mp4,data\raw\FakeAVCeleb_v1.2\FakeVideo-RealAudio\Asian (East)\men\id04222\00078_id06878_wavtolip.mp4,1,FakeVideo-RealAudio,Asian (East),men,id04222
FakeAVCeleb_v1.2,FakeAVCeleb_v1.2__FakeVideo-RealAudio__Asian (East)__men__id04222__00078_id07102_4gKPlwvjpsI.mp4,data\raw\FakeAVCeleb_v1.2\FakeVideo-RealAudio\Asian (East)\men\id04222\00078_id07102_4gKPlwvjpsI.mp4,1,FakeVideo-RealAudio,Asian (East),men,id04222
FakeAVCeleb_v1.2,FakeAVCeleb_v1.2__FakeVideo-RealAudio__Asian (East)__men__id04222__00078_id08652_wavtolip.mp4,data\raw\FakeAVCeleb_v1.2\FakeVideo-RealAudio\Asian (East)\men\id04222\00078_id08652_wavtolip.mp4,1,FakeVideo-RealAudio,Asian (East),men,id04222
FakeAVCeleb_v1.2,FakeAVCeleb_v1.2__FakeVideo-RealAudio__Asian (East)__men__id04222__00078_id09053_wavtolip.mp4,data\raw\FakeAVCeleb_v1.2\FakeVideo-RealAudio\Asian (East)\men\id04222\00078_id09053_wavtolip.mp4,1,FakeVideo-RealAudio,Asian (East),men,id04222
FakeAVCeleb_v1.2,FakeAVCeleb_v1.2__FakeVideo-RealAudio__Asian (East)__men__id04789__002121.mp4,data\raw\FakeAVCeleb_v1.2\FakeVideo-RealAudio\Asian (East)\men\id04789\002121.mp4,1,FakeVideo-RealAudio,Asian (East),men,id04789
FakeAVCeleb_v1.2,FakeAVCeleb_v1.2__FakeVideo-RealAudio__Asian (East)__men__id06591__00021.mp4,data\raw\FakeAVCeleb_v1.2\FakeVideo-RealAudio\Asian (East)\men\id06591\00021.mp4,1,FakeVideo-RealAudio,Asian (East),men,id06591
FakeAVCeleb_v1.2,FakeAVCeleb_v1.2__FakeVideo-RealAudio__Asian (East)__men__id06591__00021_id00560_wavtolip.mp4,data\raw\FakeAVCeleb_v1.2\FakeVideo-RealAudio\Asian (East)\men\id06591\00021_id00560_wavtolip.mp4,1,FakeVideo-RealAudio,Asian (East),men,id06591
FakeAVCeleb_v1.2,FakeAVCeleb_v1.2__FakeVideo-RealAudio__Asian (East)__men__id06591__00021_id01204_wavtolip.mp4,data\raw\FakeAVCeleb_v1.2\FakeVideo-RealAudio\Asian (East)\men\id06591\00021_id01204_wavtolip.mp4,1,FakeVideo-RealAudio,Asian (East),men,id06591
FakeAVCeleb_v1.2,FakeAVCeleb_v1.2__FakeVideo-RealAudio__Asian (East)__men__id06591__00021_id01212_wavtolip.mp4,data\raw\FakeAVCeleb_v1.2\FakeVideo-RealAudio\Asian (East)\men\id06591\00021_id01212_wavtolip.mp4,1,FakeVideo-RealAudio,Asian (East),men,id06591
FakeAVCeleb_v1.2,FakeAVCeleb_v1.2__FakeVideo-RealAudio__Asian (East)__men__id06591__00021_id03965_wavtolip.mp4,data\raw\FakeAVCeleb_v1.2\FakeVideo-RealAudio\Asian (East)\men\id06591\00021_id03965_wavtolip.mp4,1,FakeVideo-RealAudio,Asian (East),men,id06591
FakeAVCeleb_v1.2,FakeAVCeleb_v1.2__FakeVideo-RealAudio__Asian (East)__men__id06591__00021_id06269_wavtolip.mp4,data\raw\FakeAVCeleb_v1.2\FakeVideo-RealAudio\Asian (East)\men\id06591\00021_id06269_wavtolip.mp4,1,FakeVideo-RealAudio,Asian (East),men,id06591
FakeAVCeleb_v1.2,FakeAVCeleb_v1.2__FakeVideo-RealAudio__Asian (East)__men__id06591__00021_id06467_wavtolip.mp4,data\raw\FakeAVCeleb_v1.2\FakeVideo-RealAudio\Asian (East)\men\id06591\00021_id06467_wavtolip.mp4,1,FakeVideo-RealAudio,Asian (East),men,id06591
FakeAVCeleb_v1.2,FakeAVCeleb_v1.2__FakeVideo-RealAudio__Asian (East)__men__id06591__00021_id06470_wavtolip.mp4,data\raw\FakeAVCeleb_v1.2\FakeVideo-RealAudio\Asian (East)\men\id06591\00021_id06470_wavtolip.mp4,1,FakeVideo-RealAudio,Asian (East),men,id06591
FakeAVCeleb_v1.2,FakeAVCeleb_v1.2__FakeVideo-RealAudio__Asian (East)__men__id06591__00021_id06807_wavtolip.mp4,data\raw\FakeAVCeleb_v1.2\FakeVideo-RealAudio\Asian (East)\men\id06591\00021_id06807_wavtolip.mp4,1,FakeVideo-RealAudio,Asian (East),men,id06591
FakeAVCeleb_v1.2,FakeAVCeleb_v1.2__FakeVideo-RealAudio__Asian (East)__men__id06591__00021_id08299_wavtolip.mp4,data\raw\FakeAVCeleb_v1.2\FakeVideo-RealAudio\Asian (East)\men\id06591\00021_id08299_wavtolip.mp4,1,FakeVideo-RealAudio,Asian (East),men,id06591
FakeAVCeleb_v1.2,FakeAVCeleb_v1.2__FakeVideo-RealAudio__Asian (East)__men__id06591__00021_id08613_wavtolip.mp4,data\raw\FakeAVCeleb_v1.2\FakeVideo-RealAudio\Asian (East)\men\id06591\00021_id08613_wavtolip.mp4,1,FakeVideo-RealAudio,Asian (East),men,id06591
FakeAVCeleb_v1.2,FakeAVCeleb_v1.2__FakeVideo-RealAudio__Asian (East)__men__id08299__00110_0.mp4,data\raw\FakeAVCeleb_v1.2\FakeVideo-RealAudio\Asian (East)\men\id08299\00110_0.mp4,1,FakeVideo-RealAudio,Asian (East),men,id08299
FakeAVCeleb_v1.2,FakeAVCeleb_v1.2__FakeVideo-RealAudio__Asian (East)__men__id08299__00110_1.mp4,data\raw\FakeAVCeleb_v1.2\FakeVideo-RealAudio\Asian (East)\men\id08299\00110_1.mp4,1,FakeVideo-RealAudio,Asian (East),men,id08299
FakeAVCeleb_v1.2,FakeAVCeleb_v1.2__FakeVideo-RealAudio__Asian (East)__men__id08299__00110_2.mp4,data\raw\FakeAVCeleb_v1.2\FakeVideo-RealAudio\Asian (East)\men\id08299\00110_2.mp4,1,FakeVideo-RealAudio,Asian (East),men,id08299
FakeAVCeleb_v1.2,FakeAVCeleb_v1.2__FakeVideo-RealAudio__Asian (East)__men__id08299__00110_3.mp4,data\raw\FakeAVCeleb_v1.2\FakeVideo-RealAudio\Asian (East)\men\id08299\00110_3.mp4,1,FakeVideo-RealAudio,Asian (East),men,id08299
FakeAVCeleb_v1.2,FakeAVCeleb_v1.2__FakeVideo-RealAudio__Asian (East)__men__id08299__00110_id03028_wavtolip.mp4,data\raw\FakeAVCeleb_v1.2\FakeVideo-RealAudio\Asian (East)\men\id08299\00110_id03028_wavtolip.mp4,1,FakeVideo-RealAudio,Asian (East),men,id08299
FakeAVCeleb_v1.2,FakeAVCeleb_v1.2__FakeVideo-RealAudio__Asian (East)__men__id08299__00110_id03965_wavtolip.mp4,data\raw\FakeAVCeleb_v1.2\FakeVideo-RealAudio\Asian (East)\men\id08299\00110_id03965_wavtolip.mp4,1,FakeVideo-RealAudio,Asian (East),men,id08299
FakeAVCeleb_v1.2,FakeAVCeleb_v1.2__FakeVideo-RealAudio__Asian (East)__men__id08299__00110_id04726_wavtolip.mp4,data\raw\FakeAVCeleb_v1.2\FakeVideo-RealAudio\Asian (East)\men\id08299\00110_id04726_wavtolip.mp4,1,FakeVideo-RealAudio,Asian (East),men,id08299
FakeAVCeleb_v1.2,FakeAVCeleb_v1.2__FakeVideo-RealAudio__Asian (East)__men__id08299__00110_id04789_wavtolip.mp4,data\raw\FakeAVCeleb_v1.2\FakeVideo-RealAudio\Asian (East)\men\id08299\00110_id04789_wavtolip.mp4,1,FakeVideo-RealAudio,Asian (East),men,id08299
FakeAVCeleb_v1.2,FakeAVCeleb_v1.2__FakeVideo-RealAudio__Asian (East)__men__id08299__00110_id05268_wavtolip.mp4,data\raw\FakeAVCeleb_v1.2\FakeVideo-RealAudio\Asian (East)\men\id08299\00110_id05268_wavtolip.mp4,1,FakeVideo-RealAudio,Asian (East),men,id08299
FakeAVCeleb_v1.2,FakeAVCeleb_v1.2__FakeVideo-RealAudio__Asian (East)__men__id08299__00110_id05332_wavtolip.mp4,data\raw\FakeAVCeleb_v1.2\FakeVideo-RealAudio\Asian (East)\men\id08299\00110_id05332_wavtolip.mp4,1,FakeVideo-RealAudio,Asian (East),men,id08299
FakeAVCeleb_v1.2,FakeAVCeleb_v1.2__FakeVideo-RealAudio__Asian (East)__men__id08299__00110_id05479_wavtolip.mp4,data\raw\FakeAVCeleb_v1.2\FakeVideo-RealAudio\Asian (East)\men\id08299\00110_id05479_wavtolip.mp4,1,FakeVideo-RealAudio,Asian (East),men,id08299
FakeAVCeleb_v1.2,FakeAVCeleb_v1.2__FakeVideo-RealAudio__Asian (East)__men__id08299__00110_id06467_wavtolip.mp4,data\raw\FakeAVCeleb_v1.2\FakeVideo-RealAudio\Asian (East)\men\id08299\00110_id06467_wavtolip.mp4,1,FakeVideo-RealAudio,Asian (East),men,id08299
FakeAVCeleb_v1.2,FakeAVCeleb_v1.2__FakeVideo-RealAudio__Asian (East)__men__id08299__00110_id06807_wavtolip.mp4,data\raw\FakeAVCeleb_v1.2\FakeVideo-RealAudio\Asian (East)\men\id08299\00110_id06807_wavtolip.mp4,1,FakeVideo-RealAudio,Asian (East),men,id08299
FakeAVCeleb_v1.2,FakeAVCeleb_v1.2__FakeVideo-RealAudio__Asian (East)__men__id08299__00110_id08299_wavtolip.mp4,data\raw\FakeAVCeleb_v1.2\FakeVideo-RealAudio\Asian (East)\men\id08299\00110_id08299_wavtolip.mp4,1,FakeVideo-RealAudio,Asian (East),men,id08299
FakeAVCeleb_v1.2,FakeAVCeleb_v1.2__FakeVideo-RealAudio__Asian (East)__women__id02807__00032_id00579_yc8eTBM4N3c.mp4,data\raw\FakeAVCeleb_v1.2\FakeVideo-RealAudio\Asian (East)\women\id02807\00032_id00579_yc8eTBM4N3c.mp4,1,FakeVideo-RealAudio,Asian (East),women,id02807
FakeAVCeleb_v1.2,FakeAVCeleb_v1.2__FakeVideo-RealAudio__Asian (East)__women__id02807__00032_id00763_lI1GEn3Ima0.mp4,data\raw\FakeAVCeleb_v1.2\FakeVideo-RealAudio\Asian (East)\women\id02807\00032_id00763_lI1GEn3Ima0.mp4,1,FakeVideo-RealAudio,Asian (East),women,id02807
FakeAVCeleb_v1.2,FakeAVCeleb_v1.2__FakeVideo-RealAudio__Asian (East)__women__id02807__00032_id00763_wavtolip.mp4,data\raw\FakeAVCeleb_v1.2\FakeVideo-RealAudio\Asian (East)\women\id02807\00032_id00763_wavtolip.mp4,1,FakeVideo-RealAudio,Asian (East),women,id02807
FakeAVCeleb_v1.2,FakeAVCeleb_v1.2__FakeVideo-RealAudio__Asian (East)__women__id02807__00032_id01281_wavtolip.mp4,data\raw\FakeAVCeleb_v1.2\FakeVideo-RealAudio\Asian (East)\women\id02807\00032_id01281_wavtolip.mp4,1,FakeVideo-RealAudio,Asian (East),women,id02807
FakeAVCeleb_v1.2,FakeAVCeleb_v1.2__FakeVideo-RealAudio__Asian (East)__women__id02807__00032_id02587_KzwJPH5_8j0.mp4,data\raw\FakeAVCeleb_v1.2\FakeVideo-RealAudio\Asian (East)\women\id02807\00032_id02587_KzwJPH5_8j0.mp4,1,FakeVideo-RealAudio,Asian (East),women,id02807
FakeAVCeleb_v1.2,FakeAVCeleb_v1.2__FakeVideo-RealAudio__Asian (East)__women__id02807__00032_id03211_wavtolip.mp4,data\raw\FakeAVCeleb_v1.2\FakeVideo-RealAudio\Asian (East)\women\id02807\00032_id03211_wavtolip.mp4,1,FakeVideo-RealAudio,Asian (East),women,id02807
FakeAVCeleb_v1.2,FakeAVCeleb_v1.2__FakeVideo-RealAudio__Asian (East)__women__id02807__00032_id03940_axeR0CLu96U.mp4,data\raw\FakeAVCeleb_v1.2\FakeVideo-RealAudio\Asian (East)\women\id02807\00032_id03940_axeR0CLu96U.mp4,1,FakeVideo-RealAudio,Asian (East),women,id02807
FakeAVCeleb_v1.2,FakeAVCeleb_v1.2__FakeVideo-RealAudio__Asian (East)__women__id02807__00032_id04701_7mnc8w6jRlM.mp4,data\raw\FakeAVCeleb_v1.2\FakeVideo-RealAudio\Asian (East)\women\id02807\00032_id04701_7mnc8w6jRlM.mp4,1,FakeVideo-RealAudio,Asian (East),women,id02807
FakeAVCeleb_v1.2,FakeAVCeleb_v1.2__FakeVideo-RealAudio__Asian (East)__women__id02807__00032_id05620_wavtolip.mp4,data\raw\FakeAVCeleb_v1.2\FakeVideo-RealAudio\Asian (East)\women\id02807\00032_id05620_wavtolip.mp4,1,FakeVideo-RealAudio,Asian (East),women,id02807
FakeAVCeleb_v1.2,FakeAVCeleb_v1.2__FakeVideo-RealAudio__Asian (East)__women__id02807__00032_id05844_wavtolip.mp4,data\raw\FakeAVCeleb_v1.2\FakeVideo-RealAudio\Asian (East)\women\id02807\00032_id05844_wavtolip.mp4,1,FakeVideo-RealAudio,Asian (East),women,id02807
FakeAVCeleb_v1.2,FakeAVCeleb_v1.2__FakeVideo-RealAudio__Asian (East)__women__id02807__00032_id06427_wavtolip.mp4,data\raw\FakeAVCeleb_v1.2\FakeVideo-RealAudio\Asian (East)\women\id02807\00032_id06427_wavtolip.mp4,1,FakeVideo-RealAudio,Asian (East),women,id02807
FakeAVCeleb_v1.2,FakeAVCeleb_v1.2__FakeVideo-RealAudio__Asian (East)__women__id02807__00032_id06462_Nn79kE76MA4.mp4,data\raw\FakeAVCeleb_v1.2\FakeVideo-RealAudio\Asian (East)\women\id02807\00032_id06462_Nn79kE76MA4.mp4,1,FakeVideo-RealAudio,Asian (East),women,id02807
FakeAVCeleb_v1.2,FakeAVCeleb_v1.2__FakeVideo-RealAudio__Asian (East)__women__id02807__00032_id06462_Nn79kE76MA4_faceswap.mp4,data\raw\FakeAVCeleb_v1.2\FakeVideo-RealAudio\Asian (East)\women\id02807\00032_id06462_Nn79kE76MA4_faceswap.mp4,1,FakeVideo-RealAudio,Asian (East),women,id02807
FakeAVCeleb_v1.2,FakeAVCeleb_v1.2__FakeVideo-RealAudio__Asian (East)__women__id02807__00032_id06462_wavtolip.mp4,data\raw\FakeAVCeleb_v1.2\FakeVideo-RealAudio\Asian (East)\women\id02807\00032_id06462_wavtolip.mp4,1,FakeVideo-RealAudio,Asian (East),women,id02807
FakeAVCeleb_v1.2,FakeAVCeleb_v1.2__FakeVideo-RealAudio__Asian (East)__women__id02807__00032_id07739_TmuvLVNBm8o.mp4,data\raw\FakeAVCeleb_v1.2\FakeVideo-RealAudio\Asian (East)\women\id02807\00032_id07739_TmuvLVNBm8o.mp4,1,FakeVideo-RealAudio,Asian (East),women,id02807
FakeAVCeleb_v1.2,FakeAVCeleb_v1.2__FakeVideo-RealAudio__Asian (East)__women__id02807__00032_id08397_wavtolip.mp4,data\raw\FakeAVCeleb_v1.2\FakeVideo-RealAudio\Asian (East)\women\id02807\00032_id08397_wavtolip.mp4,1,FakeVideo-RealAudio,Asian (East),women,id02807
FakeAVCeleb_v1.2,FakeAVCeleb_v1.2__FakeVideo-RealAudio__Asian (East)__women__id02807__00032_id08402_wavtolip.mp4,data\raw\FakeAVCeleb_v1.2\FakeVideo-RealAudio\Asian (East)\women\id02807\00032_id08402_wavtolip.mp4,1,FakeVideo-RealAudio,Asian (East),women,id02807
FakeAVCeleb_v1.2,FakeAVCeleb_v1.2__FakeVideo-RealAudio__Asian (East)__women__id02807__00032_id09174_Qspzu6tyArc.mp4,data\raw\FakeAVCeleb_v1.2\FakeVideo-RealAudio\Asian (East)\women\id02807\00032_id09174_Qspzu6tyArc.mp4,1,FakeVideo-RealAudio,Asian (East),women,id02807
FakeAVCeleb_v1.2,FakeAVCeleb_v1.2__FakeVideo-RealAudio__Asian (East)__women__id02807__00032_id09181_wavtolip.mp4,data\raw\FakeAVCeleb_v1.2\FakeVideo-RealAudio\Asian (East)\women\id02807\00032_id09181_wavtolip.mp4,1,FakeVideo-RealAudio,Asian (East),women,id02807
FakeAVCeleb_v1.2,FakeAVCeleb_v1.2__FakeVideo-RealAudio__Asian (East)__women__id05844__00072_id00137_wavtolip.mp4,data\raw\FakeAVCeleb_v1.2\FakeVideo-RealAudio\Asian (East)\women\id05844\00072_id00137_wavtolip.mp4,1,FakeVideo-RealAudio,Asian (East),women,id05844
FakeAVCeleb_v1.2,FakeAVCeleb_v1.2__FakeVideo-RealAudio__Asian (East)__women__id05844__00072_id00566_V3Hg_HMhuwQ.mp4,data\raw\FakeAVCeleb_v1.2\FakeVideo-RealAudio\Asian (East)\women\id05844\00072_id00566_V3Hg_HMhuwQ.mp4,1,FakeVideo-RealAudio,Asian (East),women,id05844
FakeAVCeleb_v1.2,FakeAVCeleb_v1.2__FakeVideo-RealAudio__Asian (East)__women__id05844__00072_id00566_wavtolip.mp4,data\raw\FakeAVCeleb_v1.2\FakeVideo-RealAudio\Asian (East)\women\id05844\00072_id00566_wavtolip.mp4,1,FakeVideo-RealAudio,Asian (East),women,id05844
FakeAVCeleb_v1.2,FakeAVCeleb_v1.2__FakeVideo-RealAudio__Asian (East)__women__id05844__00072_id01281_wavtolip.mp4,data\raw\FakeAVCeleb_v1.2\FakeVideo-RealAudio\Asian (East)\women\id05844\00072_id01281_wavtolip.mp4,1,FakeVideo-RealAudio,Asian (East),women,id05844
FakeAVCeleb_v1.2,FakeAVCeleb_v1.2__FakeVideo-RealAudio__Asian (East)__women__id05844__00072_id02587_KzwJPH5_8j0.mp4,data\raw\FakeAVCeleb_v1.2\FakeVideo-RealAudio\Asian (East)\women\id05844\00072_id02587_KzwJPH5_8j0.mp4,1,FakeVideo-RealAudio,Asian (East),women,id05844
FakeAVCeleb_v1.2,FakeAVCeleb_v1.2__FakeVideo-RealAudio__Asian (East)__women__id05844__00072_id02587_wavtolip.mp4,data\raw\FakeAVCeleb_v1.2\FakeVideo-RealAudio\Asian (East)\women\id05844\00072_id02587_wavtolip.mp4,1,FakeVideo-RealAudio,Asian (East),women,id05844
FakeAVCeleb_v1.2,FakeAVCeleb_v1.2__FakeVideo-RealAudio__Asian (East)__women__id05844__00072_id02807_wavtolip.mp4,data\raw\FakeAVCeleb_v1.2\FakeVideo-RealAudio\Asian (East)\women\id05844\00072_id02807_wavtolip.mp4,1,FakeVideo-RealAudio,Asian (East),women,id05844
FakeAVCeleb_v1.2,FakeAVCeleb_v1.2__FakeVideo-RealAudio__Asian (East)__women__id05844__00072_id03211_HK4oe6Hi91E.mp4,data\raw\FakeAVCeleb_v1.2\FakeVideo-RealAudio\Asian (East)\women\id05844\00072_id03211_HK4oe6Hi91E.mp4,1,FakeVideo-RealAudio,Asian (East),women,id05844
FakeAVCeleb_v1.2,FakeAVCeleb_v1.2__FakeVideo-RealAudio__Asian (East)__women__id05844__00072_id04144_wavtolip.mp4,data\raw\FakeAVCeleb_v1.2\FakeVideo-RealAudio\Asian (East)\women\id05844\00072_id04144_wavtolip.mp4,1,FakeVideo-RealAudio,Asian (East),women,id05844
FakeAVCeleb_v1.2,FakeAVCeleb_v1.2__FakeVideo-RealAudio__Asian (East)__women__id05844__00072_id04414_0sJN-9GIO-M.mp4,data\raw\FakeAVCeleb_v1.2\FakeVideo-RealAudio\Asian (East)\women\id05844\00072_id04414_0sJN-9GIO-M.mp4,1,FakeVideo-RealAudio,Asian (East),women,id05844
FakeAVCeleb_v1.2,FakeAVCeleb_v1.2__FakeVideo-RealAudio__Asian (East)__women__id05844__00072_id04701_wavtolip.mp4,data\raw\FakeAVCeleb_v1.2\FakeVideo-RealAudio\Asian (East)\women\id05844\00072_id04701_wavtolip.mp4,1,FakeVideo-RealAudio,Asian (East),women,id05844
FakeAVCeleb_v1.2,FakeAVCeleb_v1.2__FakeVideo-RealAudio__Asian (East)__women__id05844__00072_id05620_DmPPLeOZkHo.mp4,data\raw\FakeAVCeleb_v1.2\FakeVideo-RealAudio\Asian (East)\women\id05844\00072_id05620_DmPPLeOZkHo.mp4,1,FakeVideo-RealAudio,Asian (East),women,id05844
FakeAVCeleb_v1.2,FakeAVCeleb_v1.2__FakeVideo-RealAudio__Asian (East)__women__id05844__00072_id05631_xXRQCFAdR-0.mp4,data\raw\FakeAVCeleb_v1.2\FakeVideo-RealAudio\Asian (East)\women\id05844\00072_id05631_xXRQCFAdR-0.mp4,1,FakeVideo-RealAudio,Asian (East),women,id05844
FakeAVCeleb_v1.2,FakeAVCeleb_v1.2__FakeVideo-RealAudio__Asian (East)__women__id05844__00072_id06060___Bf93SjJP0.mp4,data\raw\FakeAVCeleb_v1.2\FakeVideo-RealAudio\Asian (East)\women\id05844\00072_id06060___Bf93SjJP0.mp4,1,FakeVideo-RealAudio,Asian (East),women,id05844
FakeAVCeleb_v1.2,FakeAVCeleb_v1.2__FakeVideo-RealAudio__Asian (East)__women__id05844__00072_id06158_C6FpHdewEzA.mp4,data\raw\FakeAVCeleb_v1.2\FakeVideo-RealAudio\Asian (East)\women\id05844\00072_id06158_C6FpHdewEzA.mp4,1,FakeVideo-RealAudio,Asian (East),women,id05844
FakeAVCeleb_v1.2,FakeAVCeleb_v1.2__FakeVideo-RealAudio__Asian (East)__women__id05844__00072_id07799_wavtolip.mp4,data\raw\FakeAVCeleb_v1.2\FakeVideo-RealAudio\Asian (East)\women\id05844\00072_id07799_wavtolip.mp4,1,FakeVideo-RealAudio,Asian (East),women,id05844
FakeAVCeleb_v1.2,FakeAVCeleb_v1.2__FakeVideo-RealAudio__Asian (East)__women__id05844__00072_id08402_wavtolip.mp4,data\raw\FakeAVCeleb_v1.2\FakeVideo-RealAudio\Asian (East)\women\id05844\00072_id08402_wavtolip.mp4,1,FakeVideo-RealAudio,Asian (East),women,id05844
FakeAVCeleb_v1.2,FakeAVCeleb_v1.2__FakeVideo-RealAudio__Asian (East)__women__id05844__00072_id08819_wavtolip.mp4,data\raw\FakeAVCeleb_v1.2\FakeVideo-RealAudio\Asian (East)\women\id05844\00072_id08819_wavtolip.mp4,1,FakeVideo-RealAudio,Asian (East),women,id05844
FakeAVCeleb_v1.2,FakeAVCeleb_v1.2__FakeVideo-RealAudio__Asian (East)__women__id08397__00167_id03379_A32nCObAHiI.mp4,data\raw\FakeAVCeleb_v1.2\FakeVideo-RealAudio\Asian (East)\women\id08397\00167_id03379_A32nCObAHiI.mp4,1,FakeVideo-RealAudio,Asian (East),women,id08397
FakeAVCeleb_v1.2,FakeAVCeleb_v1.2__FakeVideo-RealAudio__Asian (East)__women__id08397__00167_id03940_wavtolip.mp4,data\raw\FakeAVCeleb_v1.2\FakeVideo-RealAudio\Asian (East)\women\id08397\00167_id03940_wavtolip.mp4,1,FakeVideo-RealAudio,Asian (East),women,id08397
FakeAVCeleb_v1.2,FakeAVCeleb_v1.2__FakeVideo-RealAudio__Asian (East)__women__id08397__00167_id04066_wavtolip.mp4,data\raw\FakeAVCeleb_v1.2\FakeVideo-RealAudio\Asian (East)\women\id08397\00167_id04066_wavtolip.mp4,1,FakeVideo-RealAudio,Asian (East),women,id08397
FakeAVCeleb_v1.2,FakeAVCeleb_v1.2__FakeVideo-RealAudio__Asian (East)__women__id08397__00167_id04701_7mnc8w6jRlM.mp4,data\raw\FakeAVCeleb_v1.2\FakeVideo-RealAudio\Asian (East)\women\id08397\00167_id04701_7mnc8w6jRlM.mp4,1,FakeVideo-RealAudio,Asian (East),women,id08397
FakeAVCeleb_v1.2,FakeAVCeleb_v1.2__FakeVideo-RealAudio__Asian (East)__women__id08397__00167_id06061_TckvmWR97vo.mp4,data\raw\FakeAVCeleb_v1.2\FakeVideo-RealAudio\Asian (East)\women\id08397\00167_id06061_TckvmWR97vo.mp4,1,FakeVideo-RealAudio,Asian (East),women,id08397
FakeAVCeleb_v1.2,FakeAVCeleb_v1.2__FakeVideo-RealAudio__Asian (East)__women__id08397__00167_id06061_TckvmWR97vo_faceswap.mp4,data\raw\FakeAVCeleb_v1.2\FakeVideo-RealAudio\Asian (East)\women\id08397\00167_id06061_TckvmWR97vo_faceswap.mp4,1,FakeVideo-RealAudio,Asian (East),women,id08397
FakeAVCeleb_v1.2,FakeAVCeleb_v1.2__FakeVideo-RealAudio__Asian (East)__women__id08397__00167_id06061_wavtolip.mp4,data\raw\FakeAVCeleb_v1.2\FakeVideo-RealAudio\Asian (East)\women\id08397\00167_id06061_wavtolip.mp4,1,FakeVideo-RealAudio,Asian (East),women,id08397
FakeAVCeleb_v1.2,FakeAVCeleb_v1.2__FakeVideo-RealAudio__Asian (East)__women__id08397__00167_id06388_wavtolip.mp4,data\raw\FakeAVCeleb_v1.2\FakeVideo-RealAudio\Asian (East)\women\id08397\00167_id06388_wavtolip.mp4,1,FakeVideo-RealAudio,Asian (East),women,id08397
FakeAVCeleb_v1.2,FakeAVCeleb_v1.2__FakeVideo-RealAudio__Asian (East)__women__id08397__00167_id06427_wavtolip.mp4,data\raw\FakeAVCeleb_v1.2\FakeVideo-RealAudio\Asian (East)\women\id08397\00167_id06427_wavtolip.mp4,1,FakeVideo-RealAudio,Asian (East),women,id08397
FakeAVCeleb_v1.2,FakeAVCeleb_v1.2__FakeVideo-RealAudio__Asian (East)__women__id08397__00167_id07039_wavtolip.mp4,data\raw\FakeAVCeleb_v1.2\FakeVideo-RealAudio\Asian (East)\women\id08397\00167_id07039_wavtolip.mp4,1,FakeVideo-RealAudio,Asian (East),women,id08397
FakeAVCeleb_v1.2,FakeAVCeleb_v1.2__FakeVideo-RealAudio__Asian (East)__women__id08397__00167_id07739_TmuvLVNBm8o.mp4,data\raw\FakeAVCeleb_v1.2\FakeVideo-RealAudio\Asian (East)\women\id08397\00167_id07739_TmuvLVNBm8o.mp4,1,FakeVideo-RealAudio,Asian (East),women,id08397
FakeAVCeleb_v1.2,FakeAVCeleb_v1.2__FakeVideo-RealAudio__Asian (East)__women__id08397__00167_id07799_gO6nidmxrJU.mp4,data\raw\FakeAVCeleb_v1.2\FakeVideo-RealAudio\Asian (East)\women\id08397\00167_id07799_gO6nidmxrJU.mp4,1,FakeVideo-RealAudio,Asian (East),women,id08397
FakeAVCeleb_v1.2,FakeAVCeleb_v1.2__FakeVideo-RealAudio__Asian (East)__women__id08397__00167_id07799_wavtolip.mp4,data\raw\FakeAVCeleb_v1.2\FakeVideo-RealAudio\Asian (East)\women\id08397\00167_id07799_wavtolip.mp4,1,FakeVideo-RealAudio,Asian (East),women,id08397
FakeAVCeleb_v1.2,FakeAVCeleb_v1.2__FakeVideo-RealAudio__Asian (East)__women__id08397__00167_id09171_wavtolip.mp4,data\raw\FakeAVCeleb_v1.2\FakeVideo-RealAudio\Asian (East)\women\id08397\00167_id09171_wavtolip.mp4,1,FakeVideo-RealAudio,Asian (East),women,id08397
FakeAVCeleb_v1.2,FakeAVCeleb_v1.2__FakeVideo-RealAudio__Asian (East)__women__id08397__00167_id09174_wavtolip.mp4,data\raw\FakeAVCeleb_v1.2\FakeVideo-RealAudio\Asian (East)\women\id08397\00167_id09174_wavtolip.mp4,1,FakeVideo-RealAudio,Asian (East),women,id08397
FakeAVCeleb_v1.2,FakeAVCeleb_v1.2__FakeVideo-RealAudio__Asian (East)__women__id08397__00167_id09181_wavtolip.mp4,data\raw\FakeAVCeleb_v1.2\FakeVideo-RealAudio\Asian (East)\women\id08397\00167_id09181_wavtolip.mp4,1,FakeVideo-RealAudio,Asian (East),women,id08397
FakeAVCeleb_v1.2,FakeAVCeleb_v1.2__FakeVideo-RealAudio__Asian (East)__women__id08397__00167_id09181_ypUYBHscgD8.mp4,data\raw\FakeAVCeleb_v1.2\FakeVideo-RealAudio\Asian (East)\women\id08397\00167_id09181_ypUYBHscgD8.mp4,1,FakeVideo-RealAudio,Asian (East),women,id08397
FakeAVCeleb_v1.2,FakeAVCeleb_v1.2__FakeVideo-RealAudio__Asian (East)__women__id09171__00092_id00137_L22Rc38U5BA.mp4,data\raw\FakeAVCeleb_v1.2\FakeVideo-RealAudio\Asian (East)\women\id09171\00092_id00137_L22Rc38U5BA.mp4,1,FakeVideo-RealAudio,Asian (East),women,id09171
FakeAVCeleb_v1.2,FakeAVCeleb_v1.2__FakeVideo-RealAudio__Asian (East)__women__id09171__00092_id01451_wavtolip.mp4,data\raw\FakeAVCeleb_v1.2\FakeVideo-RealAudio\Asian (East)\women\id09171\00092_id01451_wavtolip.mp4,1,FakeVideo-RealAudio,Asian (East),women,id09171
FakeAVCeleb_v1.2,FakeAVCeleb_v1.2__FakeVideo-RealAudio__Asian (East)__women__id09171__00092_id03940_wavtolip.mp4,data\raw\FakeAVCeleb_v1.2\FakeVideo-RealAudio\Asian (East)\women\id09171\00092_id03940_wavtolip.mp4,1,FakeVideo-RealAudio,Asian (East),women,id09171
FakeAVCeleb_v1.2,FakeAVCeleb_v1.2__FakeVideo-RealAudio__Asian (East)__women__id09171__00092_id04057_SmHwNbR-498.mp4,data\raw\FakeAVCeleb_v1.2\FakeVideo-RealAudio\Asian (East)\women\id09171\00092_id04057_SmHwNbR-498.mp4,1,FakeVideo-RealAudio,Asian (East),women,id09171
FakeAVCeleb_v1.2,FakeAVCeleb_v1.2__FakeVideo-RealAudio__Asian (East)__women__id09171__00092_id04057_SmHwNbR-498_faceswap.mp4,data\raw\FakeAVCeleb_v1.2\FakeVideo-RealAudio\Asian (East)\women\id09171\00092_id04057_SmHwNbR-498_faceswap.mp4,1,FakeVideo-RealAudio,Asian (East),women,id09171
FakeAVCeleb_v1.2,FakeAVCeleb_v1.2__FakeVideo-RealAudio__Asian (East)__women__id09171__00092_id04144_wavtolip.mp4,data\raw\FakeAVCeleb_v1.2\FakeVideo-RealAudio\Asian (East)\women\id09171\00092_id04144_wavtolip.mp4,1,FakeVideo-RealAudio,Asian (East),women,id09171
FakeAVCeleb_v1.2,FakeAVCeleb_v1.2__FakeVideo-RealAudio__Asian (East)__women__id09171__00092_id04414_0sJN-9GIO-M.mp4,data\raw\FakeAVCeleb_v1.2\FakeVideo-RealAudio\Asian (East)\women\id09171\00092_id04414_0sJN-9GIO-M.mp4,1,FakeVideo-RealAudio,Asian (East),women,id09171
FakeAVCeleb_v1.2,FakeAVCeleb_v1.2__FakeVideo-RealAudio__Asian (East)__women__id09171__00092_id05844_wavtolip.mp4,data\raw\FakeAVCeleb_v1.2\FakeVideo-RealAudio\Asian (East)\women\id09171\00092_id05844_wavtolip.mp4,1,FakeVideo-RealAudio,Asian (East),women,id09171
FakeAVCeleb_v1.2,FakeAVCeleb_v1.2__FakeVideo-RealAudio__Asian (East)__women__id09171__00092_id06060___Bf93SjJP0.mp4,data\raw\FakeAVCeleb_v1.2\FakeVideo-RealAudio\Asian (East)\women\id09171\00092_id06060___Bf93SjJP0.mp4,1,FakeVideo-RealAudio,Asian (East),women,id09171
FakeAVCeleb_v1.2,FakeAVCeleb_v1.2__FakeVideo-RealAudio__Asian (East)__women__id09171__00092_id06061_wavtolip.mp4,data\raw\FakeAVCeleb_v1.2\FakeVideo-RealAudio\Asian (East)\women\id09171\00092_id06061_wavtolip.mp4,1,FakeVideo-RealAudio,Asian (East),women,id09171
FakeAVCeleb_v1.2,FakeAVCeleb_v1.2__FakeVideo-RealAudio__Asian (East)__women__id09171__00092_id06065_Rni34oVUpTA.mp4,data\raw\FakeAVCeleb_v1.2\FakeVideo-RealAudio\Asian (East)\women\id09171\00092_id06065_Rni34oVUpTA.mp4,1,FakeVideo-RealAudio,Asian (East),women,id09171
FakeAVCeleb_v1.2,FakeAVCeleb_v1.2__FakeVideo-RealAudio__Asian (East)__women__id09171__00092_id06225_AERbd8rJHDw.mp4,data\raw\FakeAVCeleb_v1.2\FakeVideo-RealAudio\Asian (East)\women\id09171\00092_id06225_AERbd8rJHDw.mp4,1,FakeVideo-RealAudio,Asian (East),women,id09171
FakeAVCeleb_v1.2,FakeAVCeleb_v1.2__FakeVideo-RealAudio__Asian (East)__women__id09171__00092_id06388_wavtolip.mp4,data\raw\FakeAVCeleb_v1.2\FakeVideo-RealAudio\Asian (East)\women\id09171\00092_id06388_wavtolip.mp4,1,FakeVideo-RealAudio,Asian (East),women,id09171
FakeAVCeleb_v1.2,FakeAVCeleb_v1.2__FakeVideo-RealAudio__Asian (East)__women__id09171__00092_id06427_dBBAKe2EA_o.mp4,data\raw\FakeAVCeleb_v1.2\FakeVideo-RealAudio\Asian (East)\women\id09171\00092_id06427_dBBAKe2EA_o.mp4,1,FakeVideo-RealAudio,Asian (East),women,id09171
FakeAVCeleb_v1.2,FakeAVCeleb_v1.2__FakeVideo-RealAudio__Asian (East)__women__id09171__00092_id06427_wavtolip.mp4,data\raw\FakeAVCeleb_v1.2\FakeVideo-RealAudio\Asian (East)\women\id09171\00092_id06427_wavtolip.mp4,1,FakeVideo-RealAudio,Asian (East),women,id09171
FakeAVCeleb_v1.2,FakeAVCeleb_v1.2__FakeVideo-RealAudio__Asian (East)__women__id09171__00092_id06443_wavtolip.mp4,data\raw\FakeAVCeleb_v1.2\FakeVideo-RealAudio\Asian (East)\women\id09171\00092_id06443_wavtolip.mp4,1,FakeVideo-RealAudio,Asian (East),women,id09171
FakeAVCeleb_v1.2,FakeAVCeleb_v1.2__FakeVideo-RealAudio__Asian (East)__women__id09171__00092_id07799_gO6nidmxrJU.mp4,data\raw\FakeAVCeleb_v1.2\FakeVideo-RealAudio\Asian (East)\women\id09171\00092_id07799_gO6nidmxrJU.mp4,1,FakeVideo-RealAudio,Asian (East),women,id09171
FakeAVCeleb_v1.2,FakeAVCeleb_v1.2__FakeVideo-RealAudio__Asian (East)__women__id09171__00092_id09175_wavtolip.mp4,data\raw\FakeAVCeleb_v1.2\FakeVideo-RealAudio\Asian (East)\women\id09171\00092_id09175_wavtolip.mp4,1,FakeVideo-RealAudio,Asian (East),women,id09171
FakeAVCeleb_v1.2,FakeAVCeleb_v1.2__FakeVideo-RealAudio__Asian (East)__women__id09171__00092_id09181_wavtolip.mp4,data\raw\FakeAVCeleb_v1.2\FakeVideo-RealAudio\Asian (East)\women\id09171\00092_id09181_wavtolip.mp4,1,FakeVideo-RealAudio,Asian (East),women,id09171
FakeAVCeleb_v1.2,FakeAVCeleb_v1.2__FakeVideo-RealAudio__Asian (South)__men__id00459__00382_0.mp4,data\raw\FakeAVCeleb_v1.2\FakeVideo-RealAudio\Asian (South)\men\id00459\00382_0.mp4,1,FakeVideo-RealAudio,Asian (South),men,id00459
FakeAVCeleb_v1.2,FakeAVCeleb_v1.2__FakeVideo-RealAudio__Asian (South)__men__id00459__00382_id00032_wavtolip.mp4,data\raw\FakeAVCeleb_v1.2\FakeVideo-RealAudio\Asian (South)\men\id00459\00382_id00032_wavtolip.mp4,1,FakeVideo-RealAudio,Asian (South),men,id00459
FakeAVCeleb_v1.2,FakeAVCeleb_v1.2__FakeVideo-RealAudio__Asian (South)__men__id00459__00382_id00033_wavtolip.mp4,data\raw\FakeAVCeleb_v1.2\FakeVideo-RealAudio\Asian (South)\men\id00459\00382_id00033_wavtolip.mp4,1,FakeVideo-RealAudio,Asian (South),men,id00459
FakeAVCeleb_v1.2,FakeAVCeleb_v1.2__FakeVideo-RealAudio__Asian (South)__men__id00459__00382_id00732_wavtolip.mp4,data\raw\FakeAVCeleb_v1.2\FakeVideo-RealAudio\Asian (South)\men\id00459\00382_id00732_wavtolip.mp4,1,FakeVideo-RealAudio,Asian (South),men,id00459
FakeAVCeleb_v1.2,FakeAVCeleb_v1.2__FakeVideo-RealAudio__Asian (South)__men__id00459__00382_id00769_BqHVSZdoVpM.mp4,data\raw\FakeAVCeleb_v1.2\FakeVideo-RealAudio\Asian (South)\men\id00459\00382_id00769_BqHVSZdoVpM.mp4,1,FakeVideo-RealAudio,Asian (South),men,id00459
FakeAVCeleb_v1.2,FakeAVCeleb_v1.2__FakeVideo-RealAudio__Asian (South)__men__id00459__00382_id00769_BqHVSZdoVpM_faceswap.mp4,data\raw\FakeAVCeleb_v1.2\FakeVideo-RealAudio\Asian (South)\men\id00459\00382_id00769_BqHVSZdoVpM_faceswap.mp4,1,FakeVideo-RealAudio,Asian (South),men,id00459
FakeAVCeleb_v1.2,FakeAVCeleb_v1.2__FakeVideo-RealAudio__Asian (South)__men__id00459__00382_id00769_wavtolip.mp4,data\raw\FakeAVCeleb_v1.2\FakeVideo-RealAudio\Asian (South)\men\id00459\00382_id00769_wavtolip.mp4,1,FakeVideo-RealAudio,Asian (South),men,id00459
FakeAVCeleb_v1.2,FakeAVCeleb_v1.2__FakeVideo-RealAudio__Asian (South)__men__id00459__00382_id00860_wavtolip.mp4,data\raw\FakeAVCeleb_v1.2\FakeVideo-RealAudio\Asian (South)\men\id00459\00382_id00860_wavtolip.mp4,1,FakeVideo-RealAudio,Asian (South),men,id00459
FakeAVCeleb_v1.2,FakeAVCeleb_v1.2__FakeVideo-RealAudio__Asian (South)__men__id00459__00382_id03344_vyNnOo6lU0o.mp4,data\raw\FakeAVCeleb_v1.2\FakeVideo-RealAudio\Asian (South)\men\id00459\00382_id03344_vyNnOo6lU0o.mp4,1,FakeVideo-RealAudio,Asian (South),men,id00459
FakeAVCeleb_v1.2,FakeAVCeleb_v1.2__FakeVideo-RealAudio__Asian (South)__men__id00459__00382_id03344_wavtolip.mp4,data\raw\FakeAVCeleb_v1.2\FakeVideo-RealAudio\Asian (South)\men\id00459\00382_id03344_wavtolip.mp4,1,FakeVideo-RealAudio,Asian (South),men,id00459
FakeAVCeleb_v1.2,FakeAVCeleb_v1.2__FakeVideo-RealAudio__Asian (South)__men__id00459__00382_id04560_wavtolip.mp4,data\raw\FakeAVCeleb_v1.2\FakeVideo-RealAudio\Asian (South)\men\id00459\00382_id04560_wavtolip.mp4,1,FakeVideo-RealAudio,Asian (South),men,id00459
FakeAVCeleb_v1.2,FakeAVCeleb_v1.2__FakeVideo-RealAudio__Asian (South)__men__id00459__00382_id04561_wavtolip.mp4,data\raw\FakeAVCeleb_v1.2\FakeVideo-RealAudio\Asian (South)\men\id00459\00382_id04561_wavtolip.mp4,1,FakeVideo-RealAudio,Asian (South),men,id00459
FakeAVCeleb_v1.2,FakeAVCeleb_v1.2__FakeVideo-RealAudio__Asian (South)__men__id00459__00382_id06354_PmWLmcJNUhM.mp4,data\raw\FakeAVCeleb_v1.2\FakeVideo-RealAudio\Asian (South)\men\id00459\00382_id06354_PmWLmcJNUhM.mp4,1,FakeVideo-RealAudio,Asian (South),men,id00459
FakeAVCeleb_v1.2,FakeAVCeleb_v1.2__FakeVideo-RealAudio__Asian (South)__men__id00459__00382_id07108_qwfQPcvjGRY.mp4,data\raw\FakeAVCeleb_v1.2\FakeVideo-RealAudio\Asian (South)\men\id00459\00382_id07108_qwfQPcvjGRY.mp4,1,FakeVideo-RealAudio,Asian (South),men,id00459
FakeAVCeleb_v1.2,FakeAVCeleb_v1.2__FakeVideo-RealAudio__Asian (South)__men__id00459__00382_id07165_oJ_iy16IBTM.mp4,data\raw\FakeAVCeleb_v1.2\FakeVideo-RealAudio\Asian (South)\men\id00459\00382_id07165_oJ_iy16IBTM.mp4,1,FakeVideo-RealAudio,Asian (South),men,id00459
FakeAVCeleb_v1.2,FakeAVCeleb_v1.2__FakeVideo-RealAudio__Asian (South)__men__id00459__00382_id07194_NDJaiff98Fo.mp4,data\raw\FakeAVCeleb_v1.2\FakeVideo-RealAudio\Asian (South)\men\id00459\00382_id07194_NDJaiff98Fo.mp4,1,FakeVideo-RealAudio,Asian (South),men,id00459
FakeAVCeleb_v1.2,FakeAVCeleb_v1.2__FakeVideo-RealAudio__Asian (South)__men__id00459__00382_id07195_wavtolip.mp4,data\raw\FakeAVCeleb_v1.2\FakeVideo-RealAudio\Asian (South)\men\id00459\00382_id07195_wavtolip.mp4,1,FakeVideo-RealAudio,Asian (South),men,id00459
FakeAVCeleb_v1.2,FakeAVCeleb_v1.2__FakeVideo-RealAudio__Asian (South)__men__id00459__00382_id07200_quCElxMhW6g.mp4,data\raw\FakeAVCeleb_v1.2\FakeVideo-RealAudio\Asian (South)\men\id00459\00382_id07200_quCElxMhW6g.mp4,1,FakeVideo-RealAudio,Asian (South),men,id00459
FakeAVCeleb_v1.2,FakeAVCeleb_v1.2__FakeVideo-RealAudio__Asian (South)__men__id00459__00382_id07463_wavtolip.mp4,data\raw\FakeAVCeleb_v1.2\FakeVideo-RealAudio\Asian (South)\men\id00459\00382_id07463_wavtolip.mp4,1,FakeVideo-RealAudio,Asian (South),men,id00459
FakeAVCeleb_v1.2,FakeAVCeleb_v1.2__FakeVideo-RealAudio__Asian (South)__men__id00685__00146_id00033_gduDuRWhnlQ.mp4,data\raw\FakeAVCeleb_v1.2\FakeVideo-RealAudio\Asian (South)\men\id00685\00146_id00033_gduDuRWhnlQ.mp4,1,FakeVideo-RealAudio,Asian (South),men,id00685
FakeAVCeleb_v1.2,FakeAVCeleb_v1.2__FakeVideo-RealAudio__Asian (South)__men__id00685__00146_id00350_wavtolip.mp4,data\raw\FakeAVCeleb_v1.2\FakeVideo-RealAudio\Asian (South)\men\id00685\00146_id00350_wavtolip.mp4,1,FakeVideo-RealAudio,Asian (South),men,id00685
FakeAVCeleb_v1.2,FakeAVCeleb_v1.2__FakeVideo-RealAudio__Asian (South)__men__id00685__00146_id00685_wavtolip.mp4,data\raw\FakeAVCeleb_v1.2\FakeVideo-RealAudio\Asian (South)\men\id00685\00146_id00685_wavtolip.mp4,1,FakeVideo-RealAudio,Asian (South),men,id00685
FakeAVCeleb_v1.2,FakeAVCeleb_v1.2__FakeVideo-RealAudio__Asian (South)__men__id00685__00146_id00745_eODND1ul7vE.mp4,data\raw\FakeAVCeleb_v1.2\FakeVideo-RealAudio\Asian (South)\men\id00685\00146_id00745_eODND1ul7vE.mp4,1,FakeVideo-RealAudio,Asian (South),men,id00685
FakeAVCeleb_v1.2,FakeAVCeleb_v1.2__FakeVideo-RealAudio__Asian (South)__men__id00685__00146_id00745_eODND1ul7vE_faceswap.mp4,data\raw\FakeAVCeleb_v1.2\FakeVideo-RealAudio\Asian (South)\men\id00685\00146_id00745_eODND1ul7vE_faceswap.mp4,1,FakeVideo-RealAudio,Asian (South),men,id00685
FakeAVCeleb_v1.2,FakeAVCeleb_v1.2__FakeVideo-RealAudio__Asian (South)__men__id00685__00146_id00773_wavtolip.mp4,data\raw\FakeAVCeleb_v1.2\FakeVideo-RealAudio\Asian (South)\men\id00685\00146_id00773_wavtolip.mp4,1,FakeVideo-RealAudio,Asian (South),men,id00685
FakeAVCeleb_v1.2,FakeAVCeleb_v1.2__FakeVideo-RealAudio__Asian (South)__men__id00685__00146_id00816_BFudcHqBkpo.mp4,data\raw\FakeAVCeleb_v1.2\FakeVideo-RealAudio\Asian (South)\men\id00685\00146_id00816_BFudcHqBkpo.mp4,1,FakeVideo-RealAudio,Asian (South),men,id00685
FakeAVCeleb_v1.2,FakeAVCeleb_v1.2__FakeVideo-RealAudio__Asian (South)__men__id00685__00146_id00860_wavtolip.mp4,data\raw\FakeAVCeleb_v1.2\FakeVideo-RealAudio\Asian (South)\men\id00685\00146_id00860_wavtolip.mp4,1,FakeVideo-RealAudio,Asian (South),men,id00685
FakeAVCeleb_v1.2,FakeAVCeleb_v1.2__FakeVideo-RealAudio__Asian (South)__men__id00685__00146_id03180_wavtolip.mp4,data\raw\FakeAVCeleb_v1.2\FakeVideo-RealAudio\Asian (South)\men\id00685\00146_id03180_wavtolip.mp4,1,FakeVideo-RealAudio,Asian (South),men,id00685
FakeAVCeleb_v1.2,FakeAVCeleb_v1.2__FakeVideo-RealAudio__Asian (South)__men__id00685__00146_id03344_wavtolip.mp4,data\raw\FakeAVCeleb_v1.2\FakeVideo-RealAudio\Asian (South)\men\id00685\00146_id03344_wavtolip.mp4,1,FakeVideo-RealAudio,Asian (South),men,id00685
FakeAVCeleb_v1.2,FakeAVCeleb_v1.2__FakeVideo-RealAudio__Asian (South)__men__id00685__00146_id04537_wavtolip.mp4,data\raw\FakeAVCeleb_v1.2\FakeVideo-RealAudio\Asian (South)\men\id00685\00146_id04537_wavtolip.mp4,1,FakeVideo-RealAudio,Asian (South),men,id00685
FakeAVCeleb_v1.2,FakeAVCeleb_v1.2__FakeVideo-RealAudio__Asian (South)__men__id00685__00146_id04554_wavtolip.mp4,data\raw\FakeAVCeleb_v1.2\FakeVideo-RealAudio\Asian (South)\men\id00685\00146_id04554_wavtolip.mp4,1,FakeVideo-RealAudio,Asian (South),men,id00685
FakeAVCeleb_v1.2,FakeAVCeleb_v1.2__FakeVideo-RealAudio__Asian (South)__men__id00685__00146_id04561_tU_UYY5hSvc.mp4,data\raw\FakeAVCeleb_v1.2\FakeVideo-RealAudio\Asian (South)\men\id00685\00146_id04561_tU_UYY5hSvc.mp4,1,FakeVideo-RealAudio,Asian (South),men,id00685
FakeAVCeleb_v1.2,FakeAVCeleb_v1.2__FakeVideo-RealAudio__Asian (South)__men__id00685__00146_id06355_wavtolip.mp4,data\raw\FakeAVCeleb_v1.2\FakeVideo-RealAudio\Asian (South)\men\id00685\00146_id06355_wavtolip.mp4,1,FakeVideo-RealAudio,Asian (South),men,id00685
FakeAVCeleb_v1.2,FakeAVCeleb_v1.2__FakeVideo-RealAudio__Asian (South)__men__id00685__00146_id06355_YT0pXXvISi8.mp4,data\raw\FakeAVCeleb_v1.2\FakeVideo-RealAudio\Asian (South)\men\id00685\00146_id06355_YT0pXXvISi8.mp4,1,FakeVideo-RealAudio,Asian (South),men,id00685
FakeAVCeleb_v1.2,FakeAVCeleb_v1.2__FakeVideo-RealAudio__Asian (South)__men__id00685__00146_id07108_qwfQPcvjGRY.mp4,data\raw\FakeAVCeleb_v1.2\FakeVideo-RealAudio\Asian (South)\men\id00685\00146_id07108_qwfQPcvjGRY.mp4,1,FakeVideo-RealAudio,Asian (South),men,id00685
FakeAVCeleb_v1.2,FakeAVCeleb_v1.2__FakeVideo-RealAudio__Asian (South)__men__id00685__00146_id07161_wavtolip.mp4,data\raw\FakeAVCeleb_v1.2\FakeVideo-RealAudio\Asian (South)\men\id00685\00146_id07161_wavtolip.mp4,1,FakeVideo-RealAudio,Asian (South),men,id00685
FakeAVCeleb_v1.2,FakeAVCeleb_v1.2__FakeVideo-RealAudio__Asian (South)__men__id00685__00146_id07165_oJ_iy16IBTM.mp4,data\raw\FakeAVCeleb_v1.2\FakeVideo-RealAudio\Asian (South)\men\id00685\00146_id07165_oJ_iy16IBTM.mp4,1,FakeVideo-RealAudio,Asian (South),men,id00685
FakeAVCeleb_v1.2,FakeAVCeleb_v1.2__FakeVideo-RealAudio__Asian (South)__men__id00685__00146_id07200_quCElxMhW6g.mp4,data\raw\FakeAVCeleb_v1.2\FakeVideo-RealAudio\Asian (South)\men\id00685\00146_id07200_quCElxMhW6g.mp4,1,FakeVideo-RealAudio,Asian (South),men,id00685
FakeAVCeleb_v1.2,FakeAVCeleb_v1.2__FakeVideo-RealAudio__Asian (South)__men__id04526__00317_0.mp4,data\raw\FakeAVCeleb_v1.2\FakeVideo-RealAudio\Asian (South)\men\id04526\00317_0.mp4,1,FakeVideo-RealAudio,Asian (South),men,id04526
FakeAVCeleb_v1.2,FakeAVCeleb_v1.2__FakeVideo-RealAudio__Asian (South)__men__id04526__00317_1.mp4,data\raw\FakeAVCeleb_v1.2\FakeVideo-RealAudio\Asian (South)\men\id04526\00317_1.mp4,1,FakeVideo-RealAudio,Asian (South),men,id04526
FakeAVCeleb_v1.2,FakeAVCeleb_v1.2__FakeVideo-RealAudio__Asian (South)__men__id04526__00317_2.mp4,data\raw\FakeAVCeleb_v1.2\FakeVideo-RealAudio\Asian (South)\men\id04526\00317_2.mp4,1,FakeVideo-RealAudio,Asian (South),men,id04526
FakeAVCeleb_v1.2,FakeAVCeleb_v1.2__FakeVideo-RealAudio__Asian (South)__men__id04526__00317_3.mp4,data\raw\FakeAVCeleb_v1.2\FakeVideo-RealAudio\Asian (South)\men\id04526\00317_3.mp4,1,FakeVideo-RealAudio,Asian (South),men,id04526
FakeAVCeleb_v1.2,FakeAVCeleb_v1.2__FakeVideo-RealAudio__Asian (South)__men__id04526__00317_id00033_gduDuRWhnlQ.mp4,data\raw\FakeAVCeleb_v1.2\FakeVideo-RealAudio\Asian (South)\men\id04526\00317_id00033_gduDuRWhnlQ.mp4,1,FakeVideo-RealAudio,Asian (South),men,id04526
FakeAVCeleb_v1.2,FakeAVCeleb_v1.2__FakeVideo-RealAudio__Asian (South)__men__id04526__00317_id00078_wavtolip.mp4,data\raw\FakeAVCeleb_v1.2\FakeVideo-RealAudio\Asian (South)\men\id04526\00317_id00078_wavtolip.mp4,1,FakeVideo-RealAudio,Asian (South),men,id04526
FakeAVCeleb_v1.2,FakeAVCeleb_v1.2__FakeVideo-RealAudio__Asian (South)__men__id04526__00317_id00414_d3N2NrpGSp0.mp4,data\raw\FakeAVCeleb_v1.2\FakeVideo-RealAudio\Asian (South)\men\id04526\00317_id00414_d3N2NrpGSp0.mp4,1,FakeVideo-RealAudio,Asian (South),men,id04526
FakeAVCeleb_v1.2,FakeAVCeleb_v1.2__FakeVideo-RealAudio__Asian (South)__men__id04526__00317_id00732_wavtolip.mp4,data\raw\FakeAVCeleb_v1.2\FakeVideo-RealAudio\Asian (South)\men\id04526\00317_id00732_wavtolip.mp4,1,FakeVideo-RealAudio,Asian (South),men,id04526
FakeAVCeleb_v1.2,FakeAVCeleb_v1.2__FakeVideo-RealAudio__Asian (South)__men__id04526__00317_id00769_wavtolip.mp4,data\raw\FakeAVCeleb_v1.2\FakeVideo-RealAudio\Asian (South)\men\id04526\00317_id00769_wavtolip.mp4,1,FakeVideo-RealAudio,Asian (South),men,id04526
FakeAVCeleb_v1.2,FakeAVCeleb_v1.2__FakeVideo-RealAudio__Asian (South)__men__id04526__00317_id03945_wavtolip.mp4,data\raw\FakeAVCeleb_v1.2\FakeVideo-RealAudio\Asian (South)\men\id04526\00317_id03945_wavtolip.mp4,1,FakeVideo-RealAudio,Asian (South),men,id04526
FakeAVCeleb_v1.2,FakeAVCeleb_v1.2__FakeVideo-RealAudio__Asian (South)__men__id04526__00317_id04928_wavtolip.mp4,data\raw\FakeAVCeleb_v1.2\FakeVideo-RealAudio\Asian (South)\men\id04526\00317_id04928_wavtolip.mp4,1,FakeVideo-RealAudio,Asian (South),men,id04526
FakeAVCeleb_v1.2,FakeAVCeleb_v1.2__FakeVideo-RealAudio__Asian (South)__men__id04526__00317_id06354_wavtolip.mp4,data\raw\FakeAVCeleb_v1.2\FakeVideo-RealAudio\Asian (South)\men\id04526\00317_id06354_wavtolip.mp4,1,FakeVideo-RealAudio,Asian (South),men,id04526
FakeAVCeleb_v1.2,FakeAVCeleb_v1.2__FakeVideo-RealAudio__Asian (South)__men__id04526__00317_id06753_wavtolip.mp4,data\raw\FakeAVCeleb_v1.2\FakeVideo-RealAudio\Asian (South)\men\id04526\00317_id06753_wavtolip.mp4,1,FakeVideo-RealAudio,Asian (South),men,id04526
FakeAVCeleb_v1.2,FakeAVCeleb_v1.2__FakeVideo-RealAudio__Asian (South)__men__id04526__00317_id07163_aO7f_YmkQnc.mp4,data\raw\FakeAVCeleb_v1.2\FakeVideo-RealAudio\Asian (South)\men\id04526\00317_id07163_aO7f_YmkQnc.mp4,1,FakeVideo-RealAudio,Asian (South),men,id04526
FakeAVCeleb_v1.2,FakeAVCeleb_v1.2__FakeVideo-RealAudio__Asian (South)__men__id04526__00317_id07163_wavtolip.mp4,data\raw\FakeAVCeleb_v1.2\FakeVideo-RealAudio\Asian (South)\men\id04526\00317_id07163_wavtolip.mp4,1,FakeVideo-RealAudio,Asian (South),men,id04526
FakeAVCeleb_v1.2,FakeAVCeleb_v1.2__FakeVideo-RealAudio__Asian (South)__men__id04526__00317_id07165_oJ_iy16IBTM.mp4,data\raw\FakeAVCeleb_v1.2\FakeVideo-RealAudio\Asian (South)\men\id04526\00317_id07165_oJ_iy16IBTM.mp4,1,FakeVideo-RealAudio,Asian (South),men,id04526
FakeAVCeleb_v1.2,FakeAVCeleb_v1.2__FakeVideo-RealAudio__Asian (South)__men__id04526__00317_id07179_P5-oEyX0x1M.mp4,data\raw\FakeAVCeleb_v1.2\FakeVideo-RealAudio\Asian (South)\men\id04526\00317_id07179_P5-oEyX0x1M.mp4,1,FakeVideo-RealAudio,Asian (South),men,id04526
FakeAVCeleb_v1.2,FakeAVCeleb_v1.2__FakeVideo-RealAudio__Asian (South)__men__id04526__00317_id07182_717IRon_OIQ.mp4,data\raw\FakeAVCeleb_v1.2\FakeVideo-RealAudio\Asian (South)\men\id04526\00317_id07182_717IRon_OIQ.mp4,1,FakeVideo-RealAudio,Asian (South),men,id04526
FakeAVCeleb_v1.2,FakeAVCeleb_v1.2__FakeVideo-RealAudio__Asian (South)__men__id04526__00317_id07195_wavtolip.mp4,data\raw\FakeAVCeleb_v1.2\FakeVideo-RealAudio\Asian (South)\men\id04526\00317_id07195_wavtolip.mp4,1,FakeVideo-RealAudio,Asian (South),men,id04526
FakeAVCeleb_v1.2,FakeAVCeleb_v1.2__FakeVideo-RealAudio__Asian (South)__men__id04526__00317_id07210_wavtolip.mp4,data\raw\FakeAVCeleb_v1.2\FakeVideo-RealAudio\Asian (South)\men\id04526\00317_id07210_wavtolip.mp4,1,FakeVideo-RealAudio,Asian (South),men,id04526
FakeAVCeleb_v1.2,FakeAVCeleb_v1.2__FakeVideo-RealAudio__Asian (South)__men__id04526__00317_id07768_mD6x-0ihLOI.mp4,data\raw\FakeAVCeleb_v1.2\FakeVideo-RealAudio\Asian (South)\men\id04526\00317_id07768_mD6x-0ihLOI.mp4,1,FakeVideo-RealAudio,Asian (South),men,id04526
FakeAVCeleb_v1.2,FakeAVCeleb_v1.2__FakeVideo-RealAudio__Asian (South)__men__id04526__00317_id08457_vFyjAJwQulM.mp4,data\raw\FakeAVCeleb_v1.2\FakeVideo-RealAudio\Asian (South)\men\id04526\00317_id08457_vFyjAJwQulM.mp4,1,FakeVideo-RealAudio,Asian (South),men,id04526
FakeAVCeleb_v1.2,FakeAVCeleb_v1.2__FakeVideo-RealAudio__Asian (South)__men__id04599__00111_0.mp4,data\raw\FakeAVCeleb_v1.2\FakeVideo-RealAudio\Asian (South)\men\id04599\00111_0.mp4,1,FakeVideo-RealAudio,Asian (South),men,id04599
FakeAVCeleb_v1.2,FakeAVCeleb_v1.2__FakeVideo-RealAudio__Asian (South)__men__id04599__00111_id00032_AQMDc6SKNXs.mp4,data\raw\FakeAVCeleb_v1.2\FakeVideo-RealAudio\Asian (South)\men\id04599\00111_id00032_AQMDc6SKNXs.mp4,1,FakeVideo-RealAudio,Asian (South),men,id04599
FakeAVCeleb_v1.2,FakeAVCeleb_v1.2__FakeVideo-RealAudio__Asian (South)__men__id04599__00111_id00033_wavtolip.mp4,data\raw\FakeAVCeleb_v1.2\FakeVideo-RealAudio\Asian (South)\men\id04599\00111_id00033_wavtolip.mp4,1,FakeVideo-RealAudio,Asian (South),men,id04599
FakeAVCeleb_v1.2,FakeAVCeleb_v1.2__FakeVideo-RealAudio__Asian (South)__men__id04599__00111_id00350_75IFJNFAMIM.mp4,data\raw\FakeAVCeleb_v1.2\FakeVideo-RealAudio\Asian (South)\men\id04599\00111_id00350_75IFJNFAMIM.mp4,1,FakeVideo-RealAudio,Asian (South),men,id04599
FakeAVCeleb_v1.2,FakeAVCeleb_v1.2__FakeVideo-RealAudio__Asian (South)__men__id04599__00111_id00414_wavtolip.mp4,data\raw\FakeAVCeleb_v1.2\FakeVideo-RealAudio\Asian (South)\men\id04599\00111_id00414_wavtolip.mp4,1,FakeVideo-RealAudio,Asian (South),men,id04599
FakeAVCeleb_v1.2,FakeAVCeleb_v1.2__FakeVideo-RealAudio__Asian (South)__men__id04599__00111_id00773_2j3lUETJ57I.mp4,data\raw\FakeAVCeleb_v1.2\FakeVideo-RealAudio\Asian (South)\men\id04599\00111_id00773_2j3lUETJ57I.mp4,1,FakeVideo-RealAudio,Asian (South),men,id04599
FakeAVCeleb_v1.2,FakeAVCeleb_v1.2__FakeVideo-RealAudio__Asian (South)__men__id04599__00111_id00816_wavtolip.mp4,data\raw\FakeAVCeleb_v1.2\FakeVideo-RealAudio\Asian (South)\men\id04599\00111_id00816_wavtolip.mp4,1,FakeVideo-RealAudio,Asian (South),men,id04599
FakeAVCeleb_v1.2,FakeAVCeleb_v1.2__FakeVideo-RealAudio__Asian (South)__men__id04599__00111_id04561_wavtolip.mp4,data\raw\FakeAVCeleb_v1.2\FakeVideo-RealAudio\Asian (South)\men\id04599\00111_id04561_wavtolip.mp4,1,FakeVideo-RealAudio,Asian (South),men,id04599
FakeAVCeleb_v1.2,FakeAVCeleb_v1.2__FakeVideo-RealAudio__Asian (South)__men__id04599__00111_id06354_PmWLmcJNUhM.mp4,data\raw\FakeAVCeleb_v1.2\FakeVideo-RealAudio\Asian (South)\men\id04599\00111_id06354_PmWLmcJNUhM.mp4,1,FakeVideo-RealAudio,Asian (South),men,id04599
FakeAVCeleb_v1.2,FakeAVCeleb_v1.2__FakeVideo-RealAudio__Asian (South)__men__id04599__00111_id06354_PmWLmcJNUhM_faceswap.mp4,data\raw\FakeAVCeleb_v1.2\FakeVideo-RealAudio\Asian (South)\men\id04599\00111_id06354_PmWLmcJNUhM_faceswap.mp4,1,FakeVideo-RealAudio,Asian (South),men,id04599
FakeAVCeleb_v1.2,FakeAVCeleb_v1.2__FakeVideo-RealAudio__Asian (South)__men__id04599__00111_id06354_wavtolip.mp4,data\raw\FakeAVCeleb_v1.2\FakeVideo-RealAudio\Asian (South)\men\id04599\00111_id06354_wavtolip.mp4,1,FakeVideo-RealAudio,Asian (South),men,id04599
FakeAVCeleb_v1.2,FakeAVCeleb_v1.2__FakeVideo-RealAudio__Asian (South)__men__id04599__00111_id07108_qwfQPcvjGRY.mp4,data\raw\FakeAVCeleb_v1.2\FakeVideo-RealAudio\Asian (South)\men\id04599\00111_id07108_qwfQPcvjGRY.mp4,1,FakeVideo-RealAudio,Asian (South),men,id04599
FakeAVCeleb_v1.2,FakeAVCeleb_v1.2__FakeVideo-RealAudio__Asian (South)__men__id04599__00111_id07108_wavtolip.mp4,data\raw\FakeAVCeleb_v1.2\FakeVideo-RealAudio\Asian (South)\men\id04599\00111_id07108_wavtolip.mp4,1,FakeVideo-RealAudio,Asian (South),men,id04599
FakeAVCeleb_v1.2,FakeAVCeleb_v1.2__FakeVideo-RealAudio__Asian (South)__men__id04599__00111_id07161_OYWKr82Zu38.mp4,data\raw\FakeAVCeleb_v1.2\FakeVideo-RealAudio\Asian (South)\men\id04599\00111_id07161_OYWKr82Zu38.mp4,1,FakeVideo-RealAudio,Asian (South),men,id04599
FakeAVCeleb_v1.2,FakeAVCeleb_v1.2__FakeVideo-RealAudio__Asian (South)__men__id04599__00111_id07163_wavtolip.mp4,data\raw\FakeAVCeleb_v1.2\FakeVideo-RealAudio\Asian (South)\men\id04599\00111_id07163_wavtolip.mp4,1,FakeVideo-RealAudio,Asian (South),men,id04599
FakeAVCeleb_v1.2,FakeAVCeleb_v1.2__FakeVideo-RealAudio__Asian (South)__men__id04599__00111_id07194_NDJaiff98Fo.mp4,data\raw\FakeAVCeleb_v1.2\FakeVideo-RealAudio\Asian (South)\men\id04599\00111_id07194_NDJaiff98Fo.mp4,1,FakeVideo-RealAudio,Asian (South),men,id04599
FakeAVCeleb_v1.2,FakeAVCeleb_v1.2__FakeVideo-RealAudio__Asian (South)__men__id04599__00111_id07194_wavtolip.mp4,data\raw\FakeAVCeleb_v1.2\FakeVideo-RealAudio\Asian (South)\men\id04599\00111_id07194_wavtolip.mp4,1,FakeVideo-RealAudio,Asian (South),men,id04599
FakeAVCeleb_v1.2,FakeAVCeleb_v1.2__FakeVideo-RealAudio__Asian (South)__men__id04599__00111_id07210_0160kET2rUM.mp4,data\raw\FakeAVCeleb_v1.2\FakeVideo-RealAudio\Asian (South)\men\id04599\00111_id07210_0160kET2rUM.mp4,1,FakeVideo-RealAudio,Asian (South),men,id04599
FakeAVCeleb_v1.2,FakeAVCeleb_v1.2__FakeVideo-RealAudio__Asian (South)__men__id04599__00111_id07210_wavtolip.mp4,data\raw\FakeAVCeleb_v1.2\FakeVideo-RealAudio\Asian (South)\men\id04599\00111_id07210_wavtolip.mp4,1,FakeVideo-RealAudio,Asian (South),men,id04599
FakeAVCeleb_v1.2,FakeAVCeleb_v1.2__FakeVideo-RealAudio__Asian (South)__men__id04599__00111_id08313_wavtolip.mp4,data\raw\FakeAVCeleb_v1.2\FakeVideo-RealAudio\Asian (South)\men\id04599\00111_id08313_wavtolip.mp4,1,FakeVideo-RealAudio,Asian (South),men,id04599
FakeAVCeleb_v1.2,FakeAVCeleb_v1.2__FakeVideo-RealAudio__Asian (South)__men__id07058__00010_id00078_wavtolip.mp4,data\raw\FakeAVCeleb_v1.2\FakeVideo-RealAudio\Asian (South)\men\id07058\00010_id00078_wavtolip.mp4,1,FakeVideo-RealAudio,Asian (South),men,id07058
FakeAVCeleb_v1.2,FakeAVCeleb_v1.2__FakeVideo-RealAudio__Asian (South)__men__id07058__00010_id00103_qpTVaP4y5DQ.mp4,data\raw\FakeAVCeleb_v1.2\FakeVideo-RealAudio\Asian (South)\men\id07058\00010_id00103_qpTVaP4y5DQ.mp4,1,FakeVideo-RealAudio,Asian (South),men,id07058
FakeAVCeleb_v1.2,FakeAVCeleb_v1.2__FakeVideo-RealAudio__Asian (South)__men__id07058__00010_id00103_wavtolip.mp4,data\raw\FakeAVCeleb_v1.2\FakeVideo-RealAudio\Asian (South)\men\id07058\00010_id00103_wavtolip.mp4,1,FakeVideo-RealAudio,Asian (South),men,id07058
FakeAVCeleb_v1.2,FakeAVCeleb_v1.2__FakeVideo-RealAudio__Asian (South)__men__id07058__00010_id00459_wavtolip.mp4,data\raw\FakeAVCeleb_v1.2\FakeVideo-RealAudio\Asian (South)\men\id07058\00010_id00459_wavtolip.mp4,1,FakeVideo-RealAudio,Asian (South),men,id07058
FakeAVCeleb_v1.2,FakeAVCeleb_v1.2__FakeVideo-RealAudio__Asian (South)__men__id07058__00010_id00769_BqHVSZdoVpM.mp4,data\raw\FakeAVCeleb_v1.2\FakeVideo-RealAudio\Asian (South)\men\id07058\00010_id00769_BqHVSZdoVpM.mp4,1,FakeVideo-RealAudio,Asian (South),men,id07058
FakeAVCeleb_v1.2,FakeAVCeleb_v1.2__FakeVideo-RealAudio__Asian (South)__men__id07058__00010_id00773_2j3lUETJ57I.mp4,data\raw\FakeAVCeleb_v1.2\FakeVideo-RealAudio\Asian (South)\men\id07058\00010_id00773_2j3lUETJ57I.mp4,1,FakeVideo-RealAudio,Asian (South),men,id07058
FakeAVCeleb_v1.2,FakeAVCeleb_v1.2__FakeVideo-RealAudio__Asian (South)__men__id07058__00010_id00857_yJ7bbvwL4kU.mp4,data\raw\FakeAVCeleb_v1.2\FakeVideo-RealAudio\Asian (South)\men\id07058\00010_id00857_yJ7bbvwL4kU.mp4,1,FakeVideo-RealAudio,Asian (South),men,id07058
FakeAVCeleb_v1.2,FakeAVCeleb_v1.2__FakeVideo-RealAudio__Asian (South)__men__id07058__00010_id03180_wavtolip.mp4,data\raw\FakeAVCeleb_v1.2\FakeVideo-RealAudio\Asian (South)\men\id07058\00010_id03180_wavtolip.mp4,1,FakeVideo-RealAudio,Asian (South),men,id07058
FakeAVCeleb_v1.2,FakeAVCeleb_v1.2__FakeVideo-RealAudio__Asian (South)__men__id07058__00010_id03344_vyNnOo6lU0o.mp4,data\raw\FakeAVCeleb_v1.2\FakeVideo-RealAudio\Asian (South)\men\id07058\00010_id03344_vyNnOo6lU0o.mp4,1,FakeVideo-RealAudio,Asian (South),men,id07058
FakeAVCeleb_v1.2,FakeAVCeleb_v1.2__FakeVideo-RealAudio__Asian (South)__men__id07058__00010_id03344_vyNnOo6lU0o_faceswap.mp4,data\raw\FakeAVCeleb_v1.2\FakeVideo-RealAudio\Asian (South)\men\id07058\00010_id03344_vyNnOo6lU0o_faceswap.mp4,1,FakeVideo-RealAudio,Asian (South),men,id07058
FakeAVCeleb_v1.2,FakeAVCeleb_v1.2__FakeVideo-RealAudio__Asian (South)__men__id07058__00010_id03344_wavtolip.mp4,data\raw\FakeAVCeleb_v1.2\FakeVideo-RealAudio\Asian (South)\men\id07058\00010_id03344_wavtolip.mp4,1,FakeVideo-RealAudio,Asian (South),men,id07058
FakeAVCeleb_v1.2,FakeAVCeleb_v1.2__FakeVideo-RealAudio__Asian (South)__men__id07058__00010_id04537_wavtolip.mp4,data\raw\FakeAVCeleb_v1.2\FakeVideo-RealAudio\Asian (South)\men\id07058\00010_id04537_wavtolip.mp4,1,FakeVideo-RealAudio,Asian (South),men,id07058
FakeAVCeleb_v1.2,FakeAVCeleb_v1.2__FakeVideo-RealAudio__Asian (South)__men__id07058__00010_id04562_qio_Gs7wjvY.mp4,data\raw\FakeAVCeleb_v1.2\FakeVideo-RealAudio\Asian (South)\men\id07058\00010_id04562_qio_Gs7wjvY.mp4,1,FakeVideo-RealAudio,Asian (South),men,id07058
FakeAVCeleb_v1.2,FakeAVCeleb_v1.2__FakeVideo-RealAudio__Asian (South)__men__id07058__00010_id06354_wavtolip.mp4,data\raw\FakeAVCeleb_v1.2\FakeVideo-RealAudio\Asian (South)\men\id07058\00010_id06354_wavtolip.mp4,1,FakeVideo-RealAudio,Asian (South),men,id07058
FakeAVCeleb_v1.2,FakeAVCeleb_v1.2__FakeVideo-RealAudio__Asian (South)__men__id07058__00010_id06355_wavtolip.mp4,data\raw\FakeAVCeleb_v1.2\FakeVideo-RealAudio\Asian (South)\men\id07058\00010_id06355_wavtolip.mp4,1,FakeVideo-RealAudio,Asian (South),men,id07058
FakeAVCeleb_v1.2,FakeAVCeleb_v1.2__FakeVideo-RealAudio__Asian (South)__men__id07058__00010_id07210_0160kET2rUM.mp4,data\raw\FakeAVCeleb_v1.2\FakeVideo-RealAudio\Asian (South)\men\id07058\00010_id07210_0160kET2rUM.mp4,1,FakeVideo-RealAudio,Asian (South),men,id07058
FakeAVCeleb_v1.2,FakeAVCeleb_v1.2__FakeVideo-RealAudio__Asian (South)__men__id07058__00010_id07233_wavtolip.mp4,data\raw\FakeAVCeleb_v1.2\FakeVideo-RealAudio\Asian (South)\men\id07058\00010_id07233_wavtolip.mp4,1,FakeVideo-RealAudio,Asian (South),men,id07058
FakeAVCeleb_v1.2,FakeAVCeleb_v1.2__FakeVideo-RealAudio__Asian (South)__men__id07058__00010_id07463_wavtolip.mp4,data\raw\FakeAVCeleb_v1.2\FakeVideo-RealAudio\Asian (South)\men\id07058\00010_id07463_wavtolip.mp4,1,FakeVideo-RealAudio,Asian (South),men,id07058
FakeAVCeleb_v1.2,FakeAVCeleb_v1.2__FakeVideo-RealAudio__Asian (South)__men__id07058__00010_id08313_t6WZ9KCaXBM.mp4,data\raw\FakeAVCeleb_v1.2\FakeVideo-RealAudio\Asian (South)\men\id07058\00010_id08313_t6WZ9KCaXBM.mp4,1,FakeVideo-RealAudio,Asian (South),men,id07058
FakeAVCeleb_v1.2,FakeAVCeleb_v1.2__FakeVideo-RealAudio__Asian (South)__men__id07179__00206_id00032_wavtolip.mp4,data\raw\FakeAVCeleb_v1.2\FakeVideo-RealAudio\Asian (South)\men\id07179\00206_id00032_wavtolip.mp4,1,FakeVideo-RealAudio,Asian (South),men,id07179
FakeAVCeleb_v1.2,FakeAVCeleb_v1.2__FakeVideo-RealAudio__Asian (South)__men__id07179__00206_id00459_ubskcDDe7kM.mp4,data\raw\FakeAVCeleb_v1.2\FakeVideo-RealAudio\Asian (South)\men\id07179\00206_id00459_ubskcDDe7kM.mp4,1,FakeVideo-RealAudio,Asian (South),men,id07179
FakeAVCeleb_v1.2,FakeAVCeleb_v1.2__FakeVideo-RealAudio__Asian (South)__men__id07179__00206_id00860_wavtolip.mp4,data\raw\FakeAVCeleb_v1.2\FakeVideo-RealAudio\Asian (South)\men\id07179\00206_id00860_wavtolip.mp4,1,FakeVideo-RealAudio,Asian (South),men,id07179
FakeAVCeleb_v1.2,FakeAVCeleb_v1.2__FakeVideo-RealAudio__Asian (South)__men__id07179__00206_id03945_wavtolip.mp4,data\raw\FakeAVCeleb_v1.2\FakeVideo-RealAudio\Asian (South)\men\id07179\00206_id03945_wavtolip.mp4,1,FakeVideo-RealAudio,Asian (South),men,id07179
FakeAVCeleb_v1.2,FakeAVCeleb_v1.2__FakeVideo-RealAudio__Asian (South)__men__id07179__00206_id04526_dHGXa49tzWI.mp4,data\raw\FakeAVCeleb_v1.2\FakeVideo-RealAudio\Asian (South)\men\id07179\00206_id04526_dHGXa49tzWI.mp4,1,FakeVideo-RealAudio,Asian (South),men,id07179
FakeAVCeleb_v1.2,FakeAVCeleb_v1.2__FakeVideo-RealAudio__Asian (South)__men__id07179__00206_id04537_wavtolip.mp4,data\raw\FakeAVCeleb_v1.2\FakeVideo-RealAudio\Asian (South)\men\id07179\00206_id04537_wavtolip.mp4,1,FakeVideo-RealAudio,Asian (South),men,id07179
FakeAVCeleb_v1.2,FakeAVCeleb_v1.2__FakeVideo-RealAudio__Asian (South)__men__id07179__00206_id04560_wavtolip.mp4,data\raw\FakeAVCeleb_v1.2\FakeVideo-RealAudio\Asian (South)\men\id07179\00206_id04560_wavtolip.mp4,1,FakeVideo-RealAudio,Asian (South),men,id07179
FakeAVCeleb_v1.2,FakeAVCeleb_v1.2__FakeVideo-RealAudio__Asian (South)__men__id07179__00206_id06334_EMORdZRY1r0.mp4,data\raw\FakeAVCeleb_v1.2\FakeVideo-RealAudio\Asian (South)\men\id07179\00206_id06334_EMORdZRY1r0.mp4,1,FakeVideo-RealAudio,Asian (South),men,id07179
FakeAVCeleb_v1.2,FakeAVCeleb_v1.2__FakeVideo-RealAudio__Asian (South)__men__id07179__00206_id06354_PmWLmcJNUhM.mp4,data\raw\FakeAVCeleb_v1.2\FakeVideo-RealAudio\Asian (South)\men\id07179\00206_id06354_PmWLmcJNUhM.mp4,1,FakeVideo-RealAudio,Asian (South),men,id07179
FakeAVCeleb_v1.2,FakeAVCeleb_v1.2__FakeVideo-RealAudio__Asian (South)__men__id07179__00206_id07163_aO7f_YmkQnc.mp4,data\raw\FakeAVCeleb_v1.2\FakeVideo-RealAudio\Asian (South)\men\id07179\00206_id07163_aO7f_YmkQnc.mp4,1,FakeVideo-RealAudio,Asian (South),men,id07179
FakeAVCeleb_v1.2,FakeAVCeleb_v1.2__FakeVideo-RealAudio__Asian (South)__men__id07179__00206_id07165_oJ_iy16IBTM.mp4,data\raw\FakeAVCeleb_v1.2\FakeVideo-RealAudio\Asian (South)\men\id07179\00206_id07165_oJ_iy16IBTM.mp4,1,FakeVideo-RealAudio,Asian (South),men,id07179
FakeAVCeleb_v1.2,FakeAVCeleb_v1.2__FakeVideo-RealAudio__Asian (South)__men__id07179__00206_id07165_oJ_iy16IBTM_faceswap.mp4,data\raw\FakeAVCeleb_v1.2\FakeVideo-RealAudio\Asian (South)\men\id07179\00206_id07165_oJ_iy16IBTM_faceswap.mp4,1,FakeVideo-RealAudio,Asian (South),men,id07179
FakeAVCeleb_v1.2,FakeAVCeleb_v1.2__FakeVideo-RealAudio__Asian (South)__men__id07179__00206_id07165_wavtolip.mp4,data\raw\FakeAVCeleb_v1.2\FakeVideo-RealAudio\Asian (South)\men\id07179\00206_id07165_wavtolip.mp4,1,FakeVideo-RealAudio,Asian (South),men,id07179
FakeAVCeleb_v1.2,FakeAVCeleb_v1.2__FakeVideo-RealAudio__Asian (South)__men__id07179__00206_id07182_wavtolip.mp4,data\raw\FakeAVCeleb_v1.2\FakeVideo-RealAudio\Asian (South)\men\id07179\00206_id07182_wavtolip.mp4,1,FakeVideo-RealAudio,Asian (South),men,id07179
FakeAVCeleb_v1.2,FakeAVCeleb_v1.2__FakeVideo-RealAudio__Asian (South)__men__id07179__00206_id07200_wavtolip.mp4,data\raw\FakeAVCeleb_v1.2\FakeVideo-RealAudio\Asian (South)\men\id07179\00206_id07200_wavtolip.mp4,1,FakeVideo-RealAudio,Asian (South),men,id07179
FakeAVCeleb_v1.2,FakeAVCeleb_v1.2__FakeVideo-RealAudio__Asian (South)__men__id07179__00206_id07233_wavtolip.mp4,data\raw\FakeAVCeleb_v1.2\FakeVideo-RealAudio\Asian (South)\men\id07179\00206_id07233_wavtolip.mp4,1,FakeVideo-RealAudio,Asian (South),men,id07179
FakeAVCeleb_v1.2,FakeAVCeleb_v1.2__FakeVideo-RealAudio__Asian (South)__men__id07179__00206_id07768_mD6x-0ihLOI.mp4,data\raw\FakeAVCeleb_v1.2\FakeVideo-RealAudio\Asian (South)\men\id07179\00206_id07768_mD6x-0ihLOI.mp4,1,FakeVideo-RealAudio,Asian (South),men,id07179
FakeAVCeleb_v1.2,FakeAVCeleb_v1.2__FakeVideo-RealAudio__Asian (South)__men__id07179__00206_id07768_wavtolip.mp4,data\raw\FakeAVCeleb_v1.2\FakeVideo-RealAudio\Asian (South)\men\id07179\00206_id07768_wavtolip.mp4,1,FakeVideo-RealAudio,Asian (South),men,id07179
FakeAVCeleb_v1.2,FakeAVCeleb_v1.2__FakeVideo-RealAudio__Asian (South)__men__id07179__00206_id08314_66ufcsq8IWA.mp4,data\raw\FakeAVCeleb_v1.2\FakeVideo-RealAudio\Asian (South)\men\id07179\00206_id08314_66ufcsq8IWA.mp4,1,FakeVideo-RealAudio,Asian (South),men,id07179
FakeAVCeleb_v1.2,FakeAVCeleb_v1.2__FakeVideo-RealAudio__Asian (South)__women__id04582__00180_0.mp4,data\raw\FakeAVCeleb_v1.2\FakeVideo-RealAudio\Asian (South)\women\id04582\00180_0.mp4,1,FakeVideo-RealAudio,Asian (South),women,id04582
FakeAVCeleb_v1.2,FakeAVCeleb_v1.2__FakeVideo-RealAudio__Asian (South)__women__id04582__00180_id00043_DxY87QyzDN8.mp4,data\raw\FakeAVCeleb_v1.2\FakeVideo-RealAudio\Asian (South)\women\id04582\00180_id00043_DxY87QyzDN8.mp4,1,FakeVideo-RealAudio,Asian (South),women,id04582
FakeAVCeleb_v1.2,FakeAVCeleb_v1.2__FakeVideo-RealAudio__Asian (South)__women__id04582__00180_id00149_wavtolip.mp4,data\raw\FakeAVCeleb_v1.2\FakeVideo-RealAudio\Asian (South)\women\id04582\00180_id00149_wavtolip.mp4,1,FakeVideo-RealAudio,Asian (South),women,id04582
FakeAVCeleb_v1.2,FakeAVCeleb_v1.2__FakeVideo-RealAudio__Asian (South)__women__id04582__00180_id00235_F7aHtfdzytQ.mp4,data\raw\FakeAVCeleb_v1.2\FakeVideo-RealAudio\Asian (South)\women\id04582\00180_id00235_F7aHtfdzytQ.mp4,1,FakeVideo-RealAudio,Asian (South),women,id04582
FakeAVCeleb_v1.2,FakeAVCeleb_v1.2__FakeVideo-RealAudio__Asian (South)__women__id04582__00180_id00417_GhIZam3v09g.mp4,data\raw\FakeAVCeleb_v1.2\FakeVideo-RealAudio\Asian (South)\women\id04582\00180_id00417_GhIZam3v09g.mp4,1,FakeVideo-RealAudio,Asian (South),women,id04582
FakeAVCeleb_v1.2,FakeAVCeleb_v1.2__FakeVideo-RealAudio__Asian (South)__women__id04582__00180_id00461_wavtolip.mp4,data\raw\FakeAVCeleb_v1.2\FakeVideo-RealAudio\Asian (South)\women\id04582\00180_id00461_wavtolip.mp4,1,FakeVideo-RealAudio,Asian (South),women,id04582
FakeAVCeleb_v1.2,FakeAVCeleb_v1.2__FakeVideo-RealAudio__Asian (South)__women__id04582__00180_id00747_wavtolip.mp4,data\raw\FakeAVCeleb_v1.2\FakeVideo-RealAudio\Asian (South)\women\id04582\00180_id00747_wavtolip.mp4,1,FakeVideo-RealAudio,Asian (South),women,id04582
FakeAVCeleb_v1.2,FakeAVCeleb_v1.2__FakeVideo-RealAudio__Asian (South)__women__id04582__00180_id02089_ZC5FjKDazrM.mp4,data\raw\FakeAVCeleb_v1.2\FakeVideo-RealAudio\Asian (South)\women\id04582\00180_id02089_ZC5FjKDazrM.mp4,1,FakeVideo-RealAudio,Asian (South),women,id04582
FakeAVCeleb_v1.2,FakeAVCeleb_v1.2__FakeVideo-RealAudio__Asian (South)__women__id04582__00180_id04529_wavtolip.mp4,data\raw\FakeAVCeleb_v1.2\FakeVideo-RealAudio\Asian (South)\women\id04582\00180_id04529_wavtolip.mp4,1,FakeVideo-RealAudio,Asian (South),women,id04582
FakeAVCeleb_v1.2,FakeAVCeleb_v1.2__FakeVideo-RealAudio__Asian (South)__women__id04582__00180_id04564_wavtolip.mp4,data\raw\FakeAVCeleb_v1.2\FakeVideo-RealAudio\Asian (South)\women\id04582\00180_id04564_wavtolip.mp4,1,FakeVideo-RealAudio,Asian (South),women,id04582
FakeAVCeleb_v1.2,FakeAVCeleb_v1.2__FakeVideo-RealAudio__Asian (South)__women__id04582__00180_id04927_wavtolip.mp4,data\raw\FakeAVCeleb_v1.2\FakeVideo-RealAudio\Asian (South)\women\id04582\00180_id04927_wavtolip.mp4,1,FakeVideo-RealAudio,Asian (South),women,id04582
FakeAVCeleb_v1.2,FakeAVCeleb_v1.2__FakeVideo-RealAudio__Asian (South)__women__id04582__00180_id06254_8VSfI86Fua4.mp4,data\raw\FakeAVCeleb_v1.2\FakeVideo-RealAudio\Asian (South)\women\id04582\00180_id06254_8VSfI86Fua4.mp4,1,FakeVideo-RealAudio,Asian (South),women,id04582
FakeAVCeleb_v1.2,FakeAVCeleb_v1.2__FakeVideo-RealAudio__Asian (South)__women__id04582__00180_id06268_wavtolip.mp4,data\raw\FakeAVCeleb_v1.2\FakeVideo-RealAudio\Asian (South)\women\id04582\00180_id06268_wavtolip.mp4,1,FakeVideo-RealAudio,Asian (South),women,id04582
FakeAVCeleb_v1.2,FakeAVCeleb_v1.2__FakeVideo-RealAudio__Asian (South)__women__id04582__00180_id06439_wavtolip.mp4,data\raw\FakeAVCeleb_v1.2\FakeVideo-RealAudio\Asian (South)\women\id04582\00180_id06439_wavtolip.mp4,1,FakeVideo-RealAudio,Asian (South),women,id04582
FakeAVCeleb_v1.2,FakeAVCeleb_v1.2__FakeVideo-RealAudio__Asian (South)__women__id04582__00180_id06445_NWtdqOxEbDY.mp4,data\raw\FakeAVCeleb_v1.2\FakeVideo-RealAudio\Asian (South)\women\id04582\00180_id06445_NWtdqOxEbDY.mp4,1,FakeVideo-RealAudio,Asian (South),women,id04582
FakeAVCeleb_v1.2,FakeAVCeleb_v1.2__FakeVideo-RealAudio__Asian (South)__women__id04582__00180_id06445_NWtdqOxEbDY_faceswap.mp4,data\raw\FakeAVCeleb_v1.2\FakeVideo-RealAudio\Asian (South)\women\id04582\00180_id06445_NWtdqOxEbDY_faceswap.mp4,1,FakeVideo-RealAudio,Asian (South),women,id04582
FakeAVCeleb_v1.2,FakeAVCeleb_v1.2__FakeVideo-RealAudio__Asian (South)__women__id04582__00180_id07051_wavtolip.mp4,data\raw\FakeAVCeleb_v1.2\FakeVideo-RealAudio\Asian (South)\women\id04582\00180_id07051_wavtolip.mp4,1,FakeVideo-RealAudio,Asian (South),women,id04582
FakeAVCeleb_v1.2,FakeAVCeleb_v1.2__FakeVideo-RealAudio__Asian (South)__women__id04582__00180_id07136_4e43eS5p3_M.mp4,data\raw\FakeAVCeleb_v1.2\FakeVideo-RealAudio\Asian (South)\women\id04582\00180_id07136_4e43eS5p3_M.mp4,1,FakeVideo-RealAudio,Asian (South),women,id04582
FakeAVCeleb_v1.2,FakeAVCeleb_v1.2__FakeVideo-RealAudio__Asian (South)__women__id04582__00180_id07236_Fe0sdHw3sc4.mp4,data\raw\FakeAVCeleb_v1.2\FakeVideo-RealAudio\Asian (South)\women\id04582\00180_id07236_Fe0sdHw3sc4.mp4,1,FakeVideo-RealAudio,Asian (South),women,id04582
FakeAVCeleb_v1.2,FakeAVCeleb_v1.2__FakeVideo-RealAudio__Asian (South)__women__id04582__00180_id07689_wavtolip.mp4,data\raw\FakeAVCeleb_v1.2\FakeVideo-RealAudio\Asian (South)\women\id04582\00180_id07689_wavtolip.mp4,1,FakeVideo-RealAudio,Asian (South),women,id04582
FakeAVCeleb_v1.2,FakeAVCeleb_v1.2__FakeVideo-RealAudio__Asian (South)__women__id05920__00161_id00235_wavtolip.mp4,data\raw\FakeAVCeleb_v1.2\FakeVideo-RealAudio\Asian (South)\women\id05920\00161_id00235_wavtolip.mp4,1,FakeVideo-RealAudio,Asian (South),women,id05920
FakeAVCeleb_v1.2,FakeAVCeleb_v1.2__FakeVideo-RealAudio__Asian (South)__women__id05920__00161_id00488_wavtolip.mp4,data\raw\FakeAVCeleb_v1.2\FakeVideo-RealAudio\Asian (South)\women\id05920\00161_id00488_wavtolip.mp4,1,FakeVideo-RealAudio,Asian (South),women,id05920
FakeAVCeleb_v1.2,FakeAVCeleb_v1.2__FakeVideo-RealAudio__Asian (South)__women__id05920__00161_id04070_wavtolip.mp4,data\raw\FakeAVCeleb_v1.2\FakeVideo-RealAudio\Asian (South)\women\id05920\00161_id04070_wavtolip.mp4,1,FakeVideo-RealAudio,Asian (South),women,id05920
FakeAVCeleb_v1.2,FakeAVCeleb_v1.2__FakeVideo-RealAudio__Asian (South)__women__id05920__00161_id04927_8MD618FRyfA.mp4,data\raw\FakeAVCeleb_v1.2\FakeVideo-RealAudio\Asian (South)\women\id05920\00161_id04927_8MD618FRyfA.mp4,1,FakeVideo-RealAudio,Asian (South),women,id05920
FakeAVCeleb_v1.2,FakeAVCeleb_v1.2__FakeVideo-RealAudio__Asian (South)__women__id05920__00161_id05434_wavtolip.mp4,data\raw\FakeAVCeleb_v1.2\FakeVideo-RealAudio\Asian (South)\women\id05920\00161_id05434_wavtolip.mp4,1,FakeVideo-RealAudio,Asian (South),women,id05920
FakeAVCeleb_v1.2,FakeAVCeleb_v1.2__FakeVideo-RealAudio__Asian (South)__women__id05920__00161_id05845_wavtolip.mp4,data\raw\FakeAVCeleb_v1.2\FakeVideo-RealAudio\Asian (South)\women\id05920\00161_id05845_wavtolip.mp4,1,FakeVideo-RealAudio,Asian (South),women,id05920
FakeAVCeleb_v1.2,FakeAVCeleb_v1.2__FakeVideo-RealAudio__Asian (South)__women__id05920__00161_id05845_XfMHm6CEwPw.mp4,data\raw\FakeAVCeleb_v1.2\FakeVideo-RealAudio\Asian (South)\women\id05920\00161_id05845_XfMHm6CEwPw.mp4,1,FakeVideo-RealAudio,Asian (South),women,id05920
FakeAVCeleb_v1.2,FakeAVCeleb_v1.2__FakeVideo-RealAudio__Asian (South)__women__id05920__00161_id05845_XfMHm6CEwPw_faceswap.mp4,data\raw\FakeAVCeleb_v1.2\FakeVideo-RealAudio\Asian (South)\women\id05920\00161_id05845_XfMHm6CEwPw_faceswap.mp4,1,FakeVideo-RealAudio,Asian (South),women,id05920
FakeAVCeleb_v1.2,FakeAVCeleb_v1.2__FakeVideo-RealAudio__Asian (South)__women__id05920__00161_id05931_bFqu86NV3hk.mp4,data\raw\FakeAVCeleb_v1.2\FakeVideo-RealAudio\Asian (South)\women\id05920\00161_id05931_bFqu86NV3hk.mp4,1,FakeVideo-RealAudio,Asian (South),women,id05920
FakeAVCeleb_v1.2,FakeAVCeleb_v1.2__FakeVideo-RealAudio__Asian (South)__women__id05920__00161_id05931_wavtolip.mp4,data\raw\FakeAVCeleb_v1.2\FakeVideo-RealAudio\Asian (South)\women\id05920\00161_id05931_wavtolip.mp4,1,FakeVideo-RealAudio,Asian (South),women,id05920
FakeAVCeleb_v1.2,FakeAVCeleb_v1.2__FakeVideo-RealAudio__Asian (South)__women__id05920__00161_id06428_A9nvRKd1afA.mp4,data\raw\FakeAVCeleb_v1.2\FakeVideo-RealAudio\Asian (South)\women\id05920\00161_id06428_A9nvRKd1afA.mp4,1,FakeVideo-RealAudio,Asian (South),women,id05920
FakeAVCeleb_v1.2,FakeAVCeleb_v1.2__FakeVideo-RealAudio__Asian (South)__women__id05920__00161_id06437_wavtolip.mp4,data\raw\FakeAVCeleb_v1.2\FakeVideo-RealAudio\Asian (South)\women\id05920\00161_id06437_wavtolip.mp4,1,FakeVideo-RealAudio,Asian (South),women,id05920
FakeAVCeleb_v1.2,FakeAVCeleb_v1.2__FakeVideo-RealAudio__Asian (South)__women__id05920__00161_id07008_wavtolip.mp4,data\raw\FakeAVCeleb_v1.2\FakeVideo-RealAudio\Asian (South)\women\id05920\00161_id07008_wavtolip.mp4,1,FakeVideo-RealAudio,Asian (South),women,id05920
FakeAVCeleb_v1.2,FakeAVCeleb_v1.2__FakeVideo-RealAudio__Asian (South)__women__id05920__00161_id07049_BiljgZcyWI4.mp4,data\raw\FakeAVCeleb_v1.2\FakeVideo-RealAudio\Asian (South)\women\id05920\00161_id07049_BiljgZcyWI4.mp4,1,FakeVideo-RealAudio,Asian (South),women,id05920
FakeAVCeleb_v1.2,FakeAVCeleb_v1.2__FakeVideo-RealAudio__Asian (South)__women__id05920__00161_id07051_wavtolip.mp4,data\raw\FakeAVCeleb_v1.2\FakeVideo-RealAudio\Asian (South)\women\id05920\00161_id07051_wavtolip.mp4,1,FakeVideo-RealAudio,Asian (South),women,id05920
FakeAVCeleb_v1.2,FakeAVCeleb_v1.2__FakeVideo-RealAudio__Asian (South)__women__id05920__00161_id07078_sLVbTD3Dtgw.mp4,data\raw\FakeAVCeleb_v1.2\FakeVideo-RealAudio\Asian (South)\women\id05920\00161_id07078_sLVbTD3Dtgw.mp4,1,FakeVideo-RealAudio,Asian (South),women,id05920
FakeAVCeleb_v1.2,FakeAVCeleb_v1.2__FakeVideo-RealAudio__Asian (South)__women__id05920__00161_id07377_FGNavKcGANA.mp4,data\raw\FakeAVCeleb_v1.2\FakeVideo-RealAudio\Asian (South)\women\id05920\00161_id07377_FGNavKcGANA.mp4,1,FakeVideo-RealAudio,Asian (South),women,id05920
FakeAVCeleb_v1.2,FakeAVCeleb_v1.2__FakeVideo-RealAudio__Asian (South)__women__id05920__00161_id07377_wavtolip.mp4,data\raw\FakeAVCeleb_v1.2\FakeVideo-RealAudio\Asian (South)\women\id05920\00161_id07377_wavtolip.mp4,1,FakeVideo-RealAudio,Asian (South),women,id05920
FakeAVCeleb_v1.2,FakeAVCeleb_v1.2__FakeVideo-RealAudio__Asian (South)__women__id05920__00161_id07689_2ie0g83JkgA.mp4,data\raw\FakeAVCeleb_v1.2\FakeVideo-RealAudio\Asian (South)\women\id05920\00161_id07689_2ie0g83JkgA.mp4,1,FakeVideo-RealAudio,Asian (South),women,id05920
FakeAVCeleb_v1.2,FakeAVCeleb_v1.2__FakeVideo-RealAudio__Caucasian (American)__men__id00060__00307_id00029_wavtolip.mp4,data\raw\FakeAVCeleb_v1.2\FakeVideo-RealAudio\Caucasian (American)\men\id00060\00307_id00029_wavtolip.mp4,1,FakeVideo-RealAudio,Caucasian (American),men,id00060
FakeAVCeleb_v1.2,FakeAVCeleb_v1.2__FakeVideo-RealAudio__Caucasian (American)__men__id00060__00307_id00052_NK_leX996Yk.mp4,data\raw\FakeAVCeleb_v1.2\FakeVideo-RealAudio\Caucasian (American)\men\id00060\00307_id00052_NK_leX996Yk.mp4,1,FakeVideo-RealAudio,Caucasian (American),men,id00060
FakeAVCeleb_v1.2,FakeAVCeleb_v1.2__FakeVideo-RealAudio__Caucasian (American)__men__id00060__00307_id00052_wavtolip.mp4,data\raw\FakeAVCeleb_v1.2\FakeVideo-RealAudio\Caucasian (American)\men\id00060\00307_id00052_wavtolip.mp4,1,FakeVideo-RealAudio,Caucasian (American),men,id00060
FakeAVCeleb_v1.2,FakeAVCeleb_v1.2__FakeVideo-RealAudio__Caucasian (American)__men__id00060__00307_id00088_6WIDWxr8vuU.mp4,data\raw\FakeAVCeleb_v1.2\FakeVideo-RealAudio\Caucasian (American)\men\id00060\00307_id00088_6WIDWxr8vuU.mp4,1,FakeVideo-RealAudio,Caucasian (American),men,id00060
FakeAVCeleb_v1.2,FakeAVCeleb_v1.2__FakeVideo-RealAudio__Caucasian (American)__men__id00060__00307_id00179_Ux9OYyipQi8.mp4,data\raw\FakeAVCeleb_v1.2\FakeVideo-RealAudio\Caucasian (American)\men\id00060\00307_id00179_Ux9OYyipQi8.mp4,1,FakeVideo-RealAudio,Caucasian (American),men,id00060
FakeAVCeleb_v1.2,FakeAVCeleb_v1.2__FakeVideo-RealAudio__Caucasian (American)__men__id00060__00307_id00184_wavtolip.mp4,data\raw\FakeAVCeleb_v1.2\FakeVideo-RealAudio\Caucasian (American)\men\id00060\00307_id00184_wavtolip.mp4,1,FakeVideo-RealAudio,Caucasian (American),men,id00060
FakeAVCeleb_v1.2,FakeAVCeleb_v1.2__FakeVideo-RealAudio__Caucasian (American)__men__id00060__00307_id00243_oWwEIXM3oZQ.mp4,data\raw\FakeAVCeleb_v1.2\FakeVideo-RealAudio\Caucasian (American)\men\id00060\00307_id00243_oWwEIXM3oZQ.mp4,1,FakeVideo-RealAudio,Caucasian (American),men,id00060
FakeAVCeleb_v1.2,FakeAVCeleb_v1.2__FakeVideo-RealAudio__Caucasian (American)__men__id00060__00307_id00529_xtx2GeQN-DQ.mp4,data\raw\FakeAVCeleb_v1.2\FakeVideo-RealAudio\Caucasian (American)\men\id00060\00307_id00529_xtx2GeQN-DQ.mp4,1,FakeVideo-RealAudio,Caucasian (American),men,id00060
FakeAVCeleb_v1.2,FakeAVCeleb_v1.2__FakeVideo-RealAudio__Caucasian (American)__men__id00060__00307_id00529_xtx2GeQN-DQ_faceswap.mp4,data\raw\FakeAVCeleb_v1.2\FakeVideo-RealAudio\Caucasian (American)\men\id00060\00307_id00529_xtx2GeQN-DQ_faceswap.mp4,1,FakeVideo-RealAudio,Caucasian (American),men,id00060
FakeAVCeleb_v1.2,FakeAVCeleb_v1.2__FakeVideo-RealAudio__Caucasian (American)__men__id00060__00307_id00696_7PrURACjhqU.mp4,data\raw\FakeAVCeleb_v1.2\FakeVideo-RealAudio\Caucasian (American)\men\id00060\00307_id00696_7PrURACjhqU.mp4,1,FakeVideo-RealAudio,Caucasian (American),men,id00060
FakeAVCeleb_v1.2,FakeAVCeleb_v1.2__FakeVideo-RealAudio__Caucasian (American)__men__id00060__00307_id00777_wavtolip.mp4,data\raw\FakeAVCeleb_v1.2\FakeVideo-RealAudio\Caucasian (American)\men\id00060\00307_id00777_wavtolip.mp4,1,FakeVideo-RealAudio,Caucasian (American),men,id00060
FakeAVCeleb_v1.2,FakeAVCeleb_v1.2__FakeVideo-RealAudio__Caucasian (American)__men__id00060__00307_id00943_LxSv2rnBGA8.mp4,data\raw\FakeAVCeleb_v1.2\FakeVideo-RealAudio\Caucasian (American)\men\id00060\00307_id00943_LxSv2rnBGA8.mp4,1,FakeVideo-RealAudio,Caucasian (American),men,id00060
FakeAVCeleb_v1.2,FakeAVCeleb_v1.2__FakeVideo-RealAudio__Caucasian (American)__men__id00060__00307_id01035_6EWG3Ywu3jg.mp4,data\raw\FakeAVCeleb_v1.2\FakeVideo-RealAudio\Caucasian (American)\men\id00060\00307_id01035_6EWG3Ywu3jg.mp4,1,FakeVideo-RealAudio,Caucasian (American),men,id00060
FakeAVCeleb_v1.2,FakeAVCeleb_v1.2__FakeVideo-RealAudio__Caucasian (American)__men__id00060__00307_id01035_wavtolip.mp4,data\raw\FakeAVCeleb_v1.2\FakeVideo-RealAudio\Caucasian (American)\men\id00060\00307_id01035_wavtolip.mp4,1,FakeVideo-RealAudio,Caucasian (American),men,id00060
FakeAVCeleb_v1.2,FakeAVCeleb_v1.2__FakeVideo-RealAudio__Caucasian (American)__men__id00060__00307_id01042_wavtolip.mp4,data\raw\FakeAVCeleb_v1.2\FakeVideo-RealAudio\Caucasian (American)\men\id00060\00307_id01042_wavtolip.mp4,1,FakeVideo-RealAudio,Caucasian (American),men,id00060
FakeAVCeleb_v1.2,FakeAVCeleb_v1.2__FakeVideo-RealAudio__Caucasian (American)__men__id00060__00307_id01048_wavtolip.mp4,data\raw\FakeAVCeleb_v1.2\FakeVideo-RealAudio\Caucasian (American)\men\id00060\00307_id01048_wavtolip.mp4,1,FakeVideo-RealAudio,Caucasian (American),men,id00060
FakeAVCeleb_v1.2,FakeAVCeleb_v1.2__FakeVideo-RealAudio__Caucasian (American)__men__id00060__00307_id01096_wavtolip.mp4,data\raw\FakeAVCeleb_v1.2\FakeVideo-RealAudio\Caucasian (American)\men\id00060\00307_id01096_wavtolip.mp4,1,FakeVideo-RealAudio,Caucasian (American),men,id00060
FakeAVCeleb_v1.2,FakeAVCeleb_v1.2__FakeVideo-RealAudio__Caucasian (American)__men__id00060__00307_id01163_QSMeUEH3lJM.mp4,data\raw\FakeAVCeleb_v1.2\FakeVideo-RealAudio\Caucasian (American)\men\id00060\00307_id01163_QSMeUEH3lJM.mp4,1,FakeVideo-RealAudio,Caucasian (American),men,id00060
FakeAVCeleb_v1.2,FakeAVCeleb_v1.2__FakeVideo-RealAudio__Caucasian (American)__men__id00060__00307_id01239_wavtolip.mp4,data\raw\FakeAVCeleb_v1.2\FakeVideo-RealAudio\Caucasian (American)\men\id00060\00307_id01239_wavtolip.mp4,1,FakeVideo-RealAudio,Caucasian (American),men,id00060
FakeAVCeleb_v1.2,FakeAVCeleb_v1.2__FakeVideo-RealAudio__Caucasian (American)__men__id00060__00307_id03525_wavtolip.mp4,data\raw\FakeAVCeleb_v1.2\FakeVideo-RealAudio\Caucasian (American)\men\id00060\00307_id03525_wavtolip.mp4,1,FakeVideo-RealAudio,Caucasian (American),men,id00060
FakeAVCeleb_v1.2,FakeAVCeleb_v1.2__FakeVideo-RealAudio__Caucasian (American)__men__id00060__00307_id04073_KT7B07WFWyM.mp4,data\raw\FakeAVCeleb_v1.2\FakeVideo-RealAudio\Caucasian (American)\men\id00060\00307_id04073_KT7B07WFWyM.mp4,1,FakeVideo-RealAudio,Caucasian (American),men,id00060
FakeAVCeleb_v1.2,FakeAVCeleb_v1.2__FakeVideo-RealAudio__Caucasian (American)__men__id00264__00257_0.mp4,data\raw\FakeAVCeleb_v1.2\FakeVideo-RealAudio\Caucasian (American)\men\id00264\00257_0.mp4,1,FakeVideo-RealAudio,Caucasian (American),men,id00264
FakeAVCeleb_v1.2,FakeAVCeleb_v1.2__FakeVideo-RealAudio__Caucasian (American)__men__id00264__00257_1.mp4,data\raw\FakeAVCeleb_v1.2\FakeVideo-RealAudio\Caucasian (American)\men\id00264\00257_1.mp4,1,FakeVideo-RealAudio,Caucasian (American),men,id00264
FakeAVCeleb_v1.2,FakeAVCeleb_v1.2__FakeVideo-RealAudio__Caucasian (American)__men__id00264__00257_2.mp4,data\raw\FakeAVCeleb_v1.2\FakeVideo-RealAudio\Caucasian (American)\men\id00264\00257_2.mp4,1,FakeVideo-RealAudio,Caucasian (American),men,id00264
FakeAVCeleb_v1.2,FakeAVCeleb_v1.2__FakeVideo-RealAudio__Caucasian (American)__men__id00264__00257_3.mp4,data\raw\FakeAVCeleb_v1.2\FakeVideo-RealAudio\Caucasian (American)\men\id00264\00257_3.mp4,1,FakeVideo-RealAudio,Caucasian (American),men,id00264
FakeAVCeleb_v1.2,FakeAVCeleb_v1.2__FakeVideo-RealAudio__Caucasian (American)__men__id00264__00257_id00018_sap-FjURHlc.mp4,data\raw\FakeAVCeleb_v1.2\FakeVideo-RealAudio\Caucasian (American)\men\id00264\00257_id00018_sap-FjURHlc.mp4,1,FakeVideo-RealAudio,Caucasian (American),men,id00264
FakeAVCeleb_v1.2,FakeAVCeleb_v1.2__FakeVideo-RealAudio__Caucasian (American)__men__id00264__00257_id00018_wavtolip.mp4,data\raw\FakeAVCeleb_v1.2\FakeVideo-RealAudio\Caucasian (American)\men\id00264\00257_id00018_wavtolip.mp4,1,FakeVideo-RealAudio,Caucasian (American),men,id00264
FakeAVCeleb_v1.2,FakeAVCeleb_v1.2__FakeVideo-RealAudio__Caucasian (American)__men__id00264__00257_id00021_wavtolip.mp4,data\raw\FakeAVCeleb_v1.2\FakeVideo-RealAudio\Caucasian (American)\men\id00264\00257_id00021_wavtolip.mp4,1,FakeVideo-RealAudio,Caucasian (American),men,id00264
FakeAVCeleb_v1.2,FakeAVCeleb_v1.2__FakeVideo-RealAudio__Caucasian (American)__men__id00264__00257_id00049_S_EHTUF-mQY.mp4,data\raw\FakeAVCeleb_v1.2\FakeVideo-RealAudio\Caucasian (American)\men\id00264\00257_id00049_S_EHTUF-mQY.mp4,1,FakeVideo-RealAudio,Caucasian (American),men,id00264
FakeAVCeleb_v1.2,FakeAVCeleb_v1.2__FakeVideo-RealAudio__Caucasian (American)__men__id00264__00257_id00052_NK_leX996Yk.mp4,data\raw\FakeAVCeleb_v1.2\FakeVideo-RealAudio\Caucasian (American)\men\id00264\00257_id00052_NK_leX996Yk.mp4,1,FakeVideo-RealAudio,Caucasian (American),men,id00264
FakeAVCeleb_v1.2,FakeAVCeleb_v1.2__FakeVideo-RealAudio__Caucasian (American)__men__id00264__00257_id00052_wavtolip.mp4,data\raw\FakeAVCeleb_v1.2\FakeVideo-RealAudio\Caucasian (American)\men\id00264\00257_id00052_wavtolip.mp4,1,FakeVideo-RealAudio,Caucasian (American),men,id00264
FakeAVCeleb_v1.2,FakeAVCeleb_v1.2__FakeVideo-RealAudio__Caucasian (American)__men__id00264__00257_id00169_wavtolip.mp4,data\raw\FakeAVCeleb_v1.2\FakeVideo-RealAudio\Caucasian (American)\men\id00264\00257_id00169_wavtolip.mp4,1,FakeVideo-RealAudio,Caucasian (American),men,id00264
FakeAVCeleb_v1.2,FakeAVCeleb_v1.2__FakeVideo-RealAudio__Caucasian (American)__men__id00264__00257_id00184_wavtolip.mp4,data\raw\FakeAVCeleb_v1.2\FakeVideo-RealAudio\Caucasian (American)\men\id00264\00257_id00184_wavtolip.mp4,1,FakeVideo-RealAudio,Caucasian (American),men,id00264
FakeAVCeleb_v1.2,FakeAVCeleb_v1.2__FakeVideo-RealAudio__Caucasian (American)__men__id00264__00257_id00529_xtx2GeQN-DQ.mp4,data\raw\FakeAVCeleb_v1.2\FakeVideo-RealAudio\Caucasian (American)\men\id00264\00257_id00529_xtx2GeQN-DQ.mp4,1,FakeVideo-RealAudio,Caucasian (American),men,id00264
FakeAVCeleb_v1.2,FakeAVCeleb_v1.2__FakeVideo-RealAudio__Caucasian (American)__men__id00264__00257_id00696_7PrURACjhqU.mp4,data\raw\FakeAVCeleb_v1.2\FakeVideo-RealAudio\Caucasian (American)\men\id00264\00257_id00696_7PrURACjhqU.mp4,1,FakeVideo-RealAudio,Caucasian (American),men,id00264
FakeAVCeleb_v1.2,FakeAVCeleb_v1.2__FakeVideo-RealAudio__Caucasian (American)__men__id00264__00257_id00696_wavtolip.mp4,data\raw\FakeAVCeleb_v1.2\FakeVideo-RealAudio\Caucasian (American)\men\id00264\00257_id00696_wavtolip.mp4,1,FakeVideo-RealAudio,Caucasian (American),men,id00264
FakeAVCeleb_v1.2,FakeAVCeleb_v1.2__FakeVideo-RealAudio__Caucasian (American)__men__id00264__00257_id00945_V-rSeF8o5pc.mp4,data\raw\FakeAVCeleb_v1.2\FakeVideo-RealAudio\Caucasian (American)\men\id00264\00257_id00945_V-rSeF8o5pc.mp4,1,FakeVideo-RealAudio,Caucasian (American),men,id00264
FakeAVCeleb_v1.2,FakeAVCeleb_v1.2__FakeVideo-RealAudio__Caucasian (American)__men__id00264__00257_id01044_wavtolip.mp4,data\raw\FakeAVCeleb_v1.2\FakeVideo-RealAudio\Caucasian (American)\men\id00264\00257_id01044_wavtolip.mp4,1,FakeVideo-RealAudio,Caucasian (American),men,id00264
FakeAVCeleb_v1.2,FakeAVCeleb_v1.2__FakeVideo-RealAudio__Caucasian (American)__men__id00264__00257_id01124_wavtolip.mp4,data\raw\FakeAVCeleb_v1.2\FakeVideo-RealAudio\Caucasian (American)\men\id00264\00257_id01124_wavtolip.mp4,1,FakeVideo-RealAudio,Caucasian (American),men,id00264
FakeAVCeleb_v1.2,FakeAVCeleb_v1.2__FakeVideo-RealAudio__Caucasian (American)__men__id00264__00257_id01163_wavtolip.mp4,data\raw\FakeAVCeleb_v1.2\FakeVideo-RealAudio\Caucasian (American)\men\id00264\00257_id01163_wavtolip.mp4,1,FakeVideo-RealAudio,Caucasian (American),men,id00264
FakeAVCeleb_v1.2,FakeAVCeleb_v1.2__FakeVideo-RealAudio__Caucasian (American)__men__id00264__00257_id01182_zca-PHR_U40.mp4,data\raw\FakeAVCeleb_v1.2\FakeVideo-RealAudio\Caucasian (American)\men\id00264\00257_id01182_zca-PHR_U40.mp4,1,FakeVideo-RealAudio,Caucasian (American),men,id00264
FakeAVCeleb_v1.2,FakeAVCeleb_v1.2__FakeVideo-RealAudio__Caucasian (American)__men__id00264__00257_id01201_Q8XWfmNiWYA.mp4,data\raw\FakeAVCeleb_v1.2\FakeVideo-RealAudio\Caucasian (American)\men\id00264\00257_id01201_Q8XWfmNiWYA.mp4,1,FakeVideo-RealAudio,Caucasian (American),men,id00264
FakeAVCeleb_v1.2,FakeAVCeleb_v1.2__FakeVideo-RealAudio__Caucasian (American)__men__id00264__00257_id03525_wavtolip.mp4,data\raw\FakeAVCeleb_v1.2\FakeVideo-RealAudio\Caucasian (American)\men\id00264\00257_id03525_wavtolip.mp4,1,FakeVideo-RealAudio,Caucasian (American),men,id00264
FakeAVCeleb_v1.2,FakeAVCeleb_v1.2__FakeVideo-RealAudio__Caucasian (American)__men__id00264__00257_id03757_L-M-XbdFLQM.mp4,data\raw\FakeAVCeleb_v1.2\FakeVideo-RealAudio\Caucasian (American)\men\id00264\00257_id03757_L-M-XbdFLQM.mp4,1,FakeVideo-RealAudio,Caucasian (American),men,id00264
FakeAVCeleb_v1.2,FakeAVCeleb_v1.2__FakeVideo-RealAudio__Caucasian (American)__men__id00264__00257_id04073_KT7B07WFWyM.mp4,data\raw\FakeAVCeleb_v1.2\FakeVideo-RealAudio\Caucasian (American)\men\id00264\00257_id04073_KT7B07WFWyM.mp4,1,FakeVideo-RealAudio,Caucasian (American),men,id00264
FakeAVCeleb_v1.2,FakeAVCeleb_v1.2__FakeVideo-RealAudio__Caucasian (American)__men__id01192__00217_id00062_bctnrIvZHTs.mp4,data\raw\FakeAVCeleb_v1.2\FakeVideo-RealAudio\Caucasian (American)\men\id01192\00217_id00062_bctnrIvZHTs.mp4,1,FakeVideo-RealAudio,Caucasian (American),men,id01192
FakeAVCeleb_v1.2,FakeAVCeleb_v1.2__FakeVideo-RealAudio__Caucasian (American)__men__id01192__00217_id00169__V1xAwwG29U.mp4,data\raw\FakeAVCeleb_v1.2\FakeVideo-RealAudio\Caucasian (American)\men\id01192\00217_id00169__V1xAwwG29U.mp4,1,FakeVideo-RealAudio,Caucasian (American),men,id01192
FakeAVCeleb_v1.2,FakeAVCeleb_v1.2__FakeVideo-RealAudio__Caucasian (American)__men__id01192__00217_id00184_wavtolip.mp4,data\raw\FakeAVCeleb_v1.2\FakeVideo-RealAudio\Caucasian (American)\men\id01192\00217_id00184_wavtolip.mp4,1,FakeVideo-RealAudio,Caucasian (American),men,id01192
FakeAVCeleb_v1.2,FakeAVCeleb_v1.2__FakeVideo-RealAudio__Caucasian (American)__men__id01192__00217_id00243_wavtolip.mp4,data\raw\FakeAVCeleb_v1.2\FakeVideo-RealAudio\Caucasian (American)\men\id01192\00217_id00243_wavtolip.mp4,1,FakeVideo-RealAudio,Caucasian (American),men,id01192
FakeAVCeleb_v1.2,FakeAVCeleb_v1.2__FakeVideo-RealAudio__Caucasian (American)__men__id01192__00217_id00529_wavtolip.mp4,data\raw\FakeAVCeleb_v1.2\FakeVideo-RealAudio\Caucasian (American)\men\id01192\00217_id00529_wavtolip.mp4,1,FakeVideo-RealAudio,Caucasian (American),men,id01192
FakeAVCeleb_v1.2,FakeAVCeleb_v1.2__FakeVideo-RealAudio__Caucasian (American)__men__id01192__00217_id00708_wavtolip.mp4,data\raw\FakeAVCeleb_v1.2\FakeVideo-RealAudio\Caucasian (American)\men\id01192\00217_id00708_wavtolip.mp4,1,FakeVideo-RealAudio,Caucasian (American),men,id01192
FakeAVCeleb_v1.2,FakeAVCeleb_v1.2__FakeVideo-RealAudio__Caucasian (American)__men__id01192__00217_id00775_yeCUxHgUHxc.mp4,data\raw\FakeAVCeleb_v1.2\FakeVideo-RealAudio\Caucasian (American)\men\id01192\00217_id00775_yeCUxHgUHxc.mp4,1,FakeVideo-RealAudio,Caucasian (American),men,id01192
FakeAVCeleb_v1.2,FakeAVCeleb_v1.2__FakeVideo-RealAudio__Caucasian (American)__men__id01192__00217_id00943_wavtolip.mp4,data\raw\FakeAVCeleb_v1.2\FakeVideo-RealAudio\Caucasian (American)\men\id01192\00217_id00943_wavtolip.mp4,1,FakeVideo-RealAudio,Caucasian (American),men,id01192
FakeAVCeleb_v1.2,FakeAVCeleb_v1.2__FakeVideo-RealAudio__Caucasian (American)__men__id01192__00217_id00945_wavtolip.mp4,data\raw\FakeAVCeleb_v1.2\FakeVideo-RealAudio\Caucasian (American)\men\id01192\00217_id00945_wavtolip.mp4,1,FakeVideo-RealAudio,Caucasian (American),men,id01192
FakeAVCeleb_v1.2,FakeAVCeleb_v1.2__FakeVideo-RealAudio__Caucasian (American)__men__id01192__00217_id01042_afqWPqWwJIY.mp4,data\raw\FakeAVCeleb_v1.2\FakeVideo-RealAudio\Caucasian (American)\men\id01192\00217_id01042_afqWPqWwJIY.mp4,1,FakeVideo-RealAudio,Caucasian (American),men,id01192
FakeAVCeleb_v1.2,FakeAVCeleb_v1.2__FakeVideo-RealAudio__Caucasian (American)__men__id01192__00217_id01044_wavtolip.mp4,data\raw\FakeAVCeleb_v1.2\FakeVideo-RealAudio\Caucasian (American)\men\id01192\00217_id01044_wavtolip.mp4,1,FakeVideo-RealAudio,Caucasian (American),men,id01192
FakeAVCeleb_v1.2,FakeAVCeleb_v1.2__FakeVideo-RealAudio__Caucasian (American)__men__id01192__00217_id01044_yL58R6zBNf4.mp4,data\raw\FakeAVCeleb_v1.2\FakeVideo-RealAudio\Caucasian (American)\men\id01192\00217_id01044_yL58R6zBNf4.mp4,1,FakeVideo-RealAudio,Caucasian (American),men,id01192
FakeAVCeleb_v1.2,FakeAVCeleb_v1.2__FakeVideo-RealAudio__Caucasian (American)__men__id01192__00217_id01105_qxMlGJlyfA8.mp4,data\raw\FakeAVCeleb_v1.2\FakeVideo-RealAudio\Caucasian (American)\men\id01192\00217_id01105_qxMlGJlyfA8.mp4,1,FakeVideo-RealAudio,Caucasian (American),men,id01192
FakeAVCeleb_v1.2,FakeAVCeleb_v1.2__FakeVideo-RealAudio__Caucasian (American)__men__id01192__00217_id01105_qxMlGJlyfA8_faceswap.mp4,data\raw\FakeAVCeleb_v1.2\FakeVideo-RealAudio\Caucasian (American)\men\id01192\00217_id01105_qxMlGJlyfA8_faceswap.mp4,1,FakeVideo-RealAudio,Caucasian (American),men,id01192
FakeAVCeleb_v1.2,FakeAVCeleb_v1.2__FakeVideo-RealAudio__Caucasian (American)__men__id01192__00217_id01163_QSMeUEH3lJM.mp4,data\raw\FakeAVCeleb_v1.2\FakeVideo-RealAudio\Caucasian (American)\men\id01192\00217_id01163_QSMeUEH3lJM.mp4,1,FakeVideo-RealAudio,Caucasian (American),men,id01192
FakeAVCeleb_v1.2,FakeAVCeleb_v1.2__FakeVideo-RealAudio__Caucasian (American)__men__id01192__00217_id01201_wavtolip.mp4,data\raw\FakeAVCeleb_v1.2\FakeVideo-RealAudio\Caucasian (American)\men\id01192\00217_id01201_wavtolip.mp4,1,FakeVideo-RealAudio,Caucasian (American),men,id01192
FakeAVCeleb_v1.2,FakeAVCeleb_v1.2__FakeVideo-RealAudio__Caucasian (American)__men__id01192__00217_id01239_gJvquKo7kbA.mp4,data\raw\FakeAVCeleb_v1.2\FakeVideo-RealAudio\Caucasian (American)\men\id01192\00217_id01239_gJvquKo7kbA.mp4,1,FakeVideo-RealAudio,Caucasian (American),men,id01192
FakeAVCeleb_v1.2,FakeAVCeleb_v1.2__FakeVideo-RealAudio__Caucasian (American)__men__id01192__00217_id04034_wavtolip.mp4,data\raw\FakeAVCeleb_v1.2\FakeVideo-RealAudio\Caucasian (American)\men\id01192\00217_id04034_wavtolip.mp4,1,FakeVideo-RealAudio,Caucasian (American),men,id01192
FakeAVCeleb_v1.2,FakeAVCeleb_v1.2__FakeVideo-RealAudio__Caucasian (American)__men__id01192__00217_id04073_KT7B07WFWyM.mp4,data\raw\FakeAVCeleb_v1.2\FakeVideo-RealAudio\Caucasian (American)\men\id01192\00217_id04073_KT7B07WFWyM.mp4,1,FakeVideo-RealAudio,Caucasian (American),men,id01192
FakeAVCeleb_v1.2,FakeAVCeleb_v1.2__FakeVideo-RealAudio__Caucasian (American)__men__id01192__00217_id04073_wavtolip.mp4,data\raw\FakeAVCeleb_v1.2\FakeVideo-RealAudio\Caucasian (American)\men\id01192\00217_id04073_wavtolip.mp4,1,FakeVideo-RealAudio,Caucasian (American),men,id01192
FakeAVCeleb_v1.2,FakeAVCeleb_v1.2__FakeVideo-RealAudio__Caucasian (American)__men__id01192__00217_id04221_5XfsCrxGvj4.mp4,data\raw\FakeAVCeleb_v1.2\FakeVideo-RealAudio\Caucasian (American)\men\id01192\00217_id04221_5XfsCrxGvj4.mp4,1,FakeVideo-RealAudio,Caucasian (American),men,id01192
FakeAVCeleb_v1.2,FakeAVCeleb_v1.2__FakeVideo-RealAudio__Caucasian (American)__men__id04219__00130_id00018_sap-FjURHlc.mp4,data\raw\FakeAVCeleb_v1.2\FakeVideo-RealAudio\Caucasian (American)\men\id04219\00130_id00018_sap-FjURHlc.mp4,1,FakeVideo-RealAudio,Caucasian (American),men,id04219
FakeAVCeleb_v1.2,FakeAVCeleb_v1.2__FakeVideo-RealAudio__Caucasian (American)__men__id04219__00130_id00018_sap-FjURHlc_faceswap.mp4,data\raw\FakeAVCeleb_v1.2\FakeVideo-RealAudio\Caucasian (American)\men\id04219\00130_id00018_sap-FjURHlc_faceswap.mp4,1,FakeVideo-RealAudio,Caucasian (American),men,id04219
FakeAVCeleb_v1.2,FakeAVCeleb_v1.2__FakeVideo-RealAudio__Caucasian (American)__men__id04219__00130_id00049_S_EHTUF-mQY.mp4,data\raw\FakeAVCeleb_v1.2\FakeVideo-RealAudio\Caucasian (American)\men\id04219\00130_id00049_S_EHTUF-mQY.mp4,1,FakeVideo-RealAudio,Caucasian (American),men,id04219
FakeAVCeleb_v1.2,FakeAVCeleb_v1.2__FakeVideo-RealAudio__Caucasian (American)__men__id04219__00130_id00052_wavtolip.mp4,data\raw\FakeAVCeleb_v1.2\FakeVideo-RealAudio\Caucasian (American)\men\id04219\00130_id00052_wavtolip.mp4,1,FakeVideo-RealAudio,Caucasian (American),men,id04219
FakeAVCeleb_v1.2,FakeAVCeleb_v1.2__FakeVideo-RealAudio__Caucasian (American)__men__id04219__00130_id00062_bctnrIvZHTs.mp4,data\raw\FakeAVCeleb_v1.2\FakeVideo-RealAudio\Caucasian (American)\men\id04219\00130_id00062_bctnrIvZHTs.mp4,1,FakeVideo-RealAudio,Caucasian (American),men,id04219
FakeAVCeleb_v1.2,FakeAVCeleb_v1.2__FakeVideo-RealAudio__Caucasian (American)__men__id04219__00130_id00179_wavtolip.mp4,data\raw\FakeAVCeleb_v1.2\FakeVideo-RealAudio\Caucasian (American)\men\id04219\00130_id00179_wavtolip.mp4,1,FakeVideo-RealAudio,Caucasian (American),men,id04219
FakeAVCeleb_v1.2,FakeAVCeleb_v1.2__FakeVideo-RealAudio__Caucasian (American)__men__id04219__00130_id00184_WaTN0ry04Qs.mp4,data\raw\FakeAVCeleb_v1.2\FakeVideo-RealAudio\Caucasian (American)\men\id04219\00130_id00184_WaTN0ry04Qs.mp4,1,FakeVideo-RealAudio,Caucasian (American),men,id04219
FakeAVCeleb_v1.2,FakeAVCeleb_v1.2__FakeVideo-RealAudio__Caucasian (American)__men__id04219__00130_id00529_xtx2GeQN-DQ.mp4,data\raw\FakeAVCeleb_v1.2\FakeVideo-RealAudio\Caucasian (American)\men\id04219\00130_id00529_xtx2GeQN-DQ.mp4,1,FakeVideo-RealAudio,Caucasian (American),men,id04219
FakeAVCeleb_v1.2,FakeAVCeleb_v1.2__FakeVideo-RealAudio__Caucasian (American)__men__id04219__00130_id00943_LxSv2rnBGA8.mp4,data\raw\FakeAVCeleb_v1.2\FakeVideo-RealAudio\Caucasian (American)\men\id04219\00130_id00943_LxSv2rnBGA8.mp4,1,FakeVideo-RealAudio,Caucasian (American),men,id04219
FakeAVCeleb_v1.2,FakeAVCeleb_v1.2__FakeVideo-RealAudio__Caucasian (American)__men__id04219__00130_id01044_wavtolip.mp4,data\raw\FakeAVCeleb_v1.2\FakeVideo-RealAudio\Caucasian (American)\men\id04219\00130_id01044_wavtolip.mp4,1,FakeVideo-RealAudio,Caucasian (American),men,id04219
FakeAVCeleb_v1.2,FakeAVCeleb_v1.2__FakeVideo-RealAudio__Caucasian (American)__men__id04219__00130_id01048_wavtolip.mp4,data\raw\FakeAVCeleb_v1.2\FakeVideo-RealAudio\Caucasian (American)\men\id04219\00130_id01048_wavtolip.mp4,1,FakeVideo-RealAudio,Caucasian (American),men,id04219
FakeAVCeleb_v1.2,FakeAVCeleb_v1.2__FakeVideo-RealAudio__Caucasian (American)__men__id04219__00130_id01105_wavtolip.mp4,data\raw\FakeAVCeleb_v1.2\FakeVideo-RealAudio\Caucasian (American)\men\id04219\00130_id01105_wavtolip.mp4,1,FakeVideo-RealAudio,Caucasian (American),men,id04219
FakeAVCeleb_v1.2,FakeAVCeleb_v1.2__FakeVideo-RealAudio__Caucasian (American)__men__id04219__00130_id01124_Lnf2oGSM00s.mp4,data\raw\FakeAVCeleb_v1.2\FakeVideo-RealAudio\Caucasian (American)\men\id04219\00130_id01124_Lnf2oGSM00s.mp4,1,FakeVideo-RealAudio,Caucasian (American),men,id04219
FakeAVCeleb_v1.2,FakeAVCeleb_v1.2__FakeVideo-RealAudio__Caucasian (American)__men__id04219__00130_id01172_8f8sdrQatpw.mp4,data\raw\FakeAVCeleb_v1.2\FakeVideo-RealAudio\Caucasian (American)\men\id04219\00130_id01172_8f8sdrQatpw.mp4,1,FakeVideo-RealAudio,Caucasian (American),men,id04219
FakeAVCeleb_v1.2,FakeAVCeleb_v1.2__FakeVideo-RealAudio__Caucasian (American)__men__id04219__00130_id01172_wavtolip.mp4,data\raw\FakeAVCeleb_v1.2\FakeVideo-RealAudio\Caucasian (American)\men\id04219\00130_id01172_wavtolip.mp4,1,FakeVideo-RealAudio,Caucasian (American),men,id04219
FakeAVCeleb_v1.2,FakeAVCeleb_v1.2__FakeVideo-RealAudio__Caucasian (American)__men__id04219__00130_id01175_wavtolip.mp4,data\raw\FakeAVCeleb_v1.2\FakeVideo-RealAudio\Caucasian (American)\men\id04219\00130_id01175_wavtolip.mp4,1,FakeVideo-RealAudio,Caucasian (American),men,id04219
FakeAVCeleb_v1.2,FakeAVCeleb_v1.2__FakeVideo-RealAudio__Caucasian (American)__men__id04219__00130_id01211_ALJX69-RDG8.mp4,data\raw\FakeAVCeleb_v1.2\FakeVideo-RealAudio\Caucasian (American)\men\id04219\00130_id01211_ALJX69-RDG8.mp4,1,FakeVideo-RealAudio,Caucasian (American),men,id04219
FakeAVCeleb_v1.2,FakeAVCeleb_v1.2__FakeVideo-RealAudio__Caucasian (American)__men__id04219__00130_id03525_wavtolip.mp4,data\raw\FakeAVCeleb_v1.2\FakeVideo-RealAudio\Caucasian (American)\men\id04219\00130_id03525_wavtolip.mp4,1,FakeVideo-RealAudio,Caucasian (American),men,id04219
FakeAVCeleb_v1.2,FakeAVCeleb_v1.2__FakeVideo-RealAudio__Caucasian (American)__men__id04219__00130_id03678_wavtolip.mp4,data\raw\FakeAVCeleb_v1.2\FakeVideo-RealAudio\Caucasian (American)\men\id04219\00130_id03678_wavtolip.mp4,1,FakeVideo-RealAudio,Caucasian (American),men,id04219
FakeAVCeleb_v1.2,FakeAVCeleb_v1.2__FakeVideo-RealAudio__Caucasian (American)__men__id04219__00130_id04034_8ZeJXbjFa_o.mp4,data\raw\FakeAVCeleb_v1.2\FakeVideo-RealAudio\Caucasian (American)\men\id04219\00130_id04034_8ZeJXbjFa_o.mp4,1,FakeVideo-RealAudio,Caucasian (American),men,id04219
FakeAVCeleb_v1.2,FakeAVCeleb_v1.2__FakeVideo-RealAudio__Caucasian (American)__men__id04219__00130_id04034_wavtolip.mp4,data\raw\FakeAVCeleb_v1.2\FakeVideo-RealAudio\Caucasian (American)\men\id04219\00130_id04034_wavtolip.mp4,1,FakeVideo-RealAudio,Caucasian (American),men,id04219
FakeAVCeleb_v1.2,FakeAVCeleb_v1.2__FakeVideo-RealAudio__Caucasian (American)__women__id00025__00025_id00098_wavtolip.mp4,data\raw\FakeAVCeleb_v1.2\FakeVideo-RealAudio\Caucasian (American)\women\id00025\00025_id00098_wavtolip.mp4,1,FakeVideo-RealAudio,Caucasian (American),women,id00025
FakeAVCeleb_v1.2,FakeAVCeleb_v1.2__FakeVideo-RealAudio__Caucasian (American)__women__id00025__00025_id00145_JveyoCdoCuI.mp4,data\raw\FakeAVCeleb_v1.2\FakeVideo-RealAudio\Caucasian (American)\women\id00025\00025_id00145_JveyoCdoCuI.mp4,1,FakeVideo-RealAudio,Caucasian (American),women,id00025
FakeAVCeleb_v1.2,FakeAVCeleb_v1.2__FakeVideo-RealAudio__Caucasian (American)__women__id00025__00025_id00261_wavtolip.mp4,data\raw\FakeAVCeleb_v1.2\FakeVideo-RealAudio\Caucasian (American)\women\id00025\00025_id00261_wavtolip.mp4,1,FakeVideo-RealAudio,Caucasian (American),women,id00025
FakeAVCeleb_v1.2,FakeAVCeleb_v1.2__FakeVideo-RealAudio__Caucasian (American)__women__id00025__00025_id00272_VLY1boTtbRM.mp4,data\raw\FakeAVCeleb_v1.2\FakeVideo-RealAudio\Caucasian (American)\women\id00025\00025_id00272_VLY1boTtbRM.mp4,1,FakeVideo-RealAudio,Caucasian (American),women,id00025
FakeAVCeleb_v1.2,FakeAVCeleb_v1.2__FakeVideo-RealAudio__Caucasian (American)__women__id00025__00025_id00418_wavtolip.mp4,data\raw\FakeAVCeleb_v1.2\FakeVideo-RealAudio\Caucasian (American)\women\id00025\00025_id00418_wavtolip.mp4,1,FakeVideo-RealAudio,Caucasian (American),women,id00025
FakeAVCeleb_v1.2,FakeAVCeleb_v1.2__FakeVideo-RealAudio__Caucasian (American)__women__id00025__00025_id00428_wavtolip.mp4,data\raw\FakeAVCeleb_v1.2\FakeVideo-RealAudio\Caucasian (American)\women\id00025\00025_id00428_wavtolip.mp4,1,FakeVideo-RealAudio,Caucasian (American),women,id00025
FakeAVCeleb_v1.2,FakeAVCeleb_v1.2__FakeVideo-RealAudio__Caucasian (American)__women__id00025__00025_id00458_K4t1pQZL7ck.mp4,data\raw\FakeAVCeleb_v1.2\FakeVideo-RealAudio\Caucasian (American)\women\id00025\00025_id00458_K4t1pQZL7ck.mp4,1,FakeVideo-RealAudio,Caucasian (American),women,id00025
FakeAVCeleb_v1.2,FakeAVCeleb_v1.2__FakeVideo-RealAudio__Caucasian (American)__women__id00025__00025_id00462_wavtolip.mp4,data\raw\FakeAVCeleb_v1.2\FakeVideo-RealAudio\Caucasian (American)\women\id00025\00025_id00462_wavtolip.mp4,1,FakeVideo-RealAudio,Caucasian (American),women,id00025
FakeAVCeleb_v1.2,FakeAVCeleb_v1.2__FakeVideo-RealAudio__Caucasian (American)__women__id00025__00025_id00680_wavtolip.mp4,data\raw\FakeAVCeleb_v1.2\FakeVideo-RealAudio\Caucasian (American)\women\id00025\00025_id00680_wavtolip.mp4,1,FakeVideo-RealAudio,Caucasian (American),women,id00025
FakeAVCeleb_v1.2,FakeAVCeleb_v1.2__FakeVideo-RealAudio__Caucasian (American)__women__id00025__00025_id00848_o1_9Cu3YMN0.mp4,data\raw\FakeAVCeleb_v1.2\FakeVideo-RealAudio\Caucasian (American)\women\id00025\00025_id00848_o1_9Cu3YMN0.mp4,1,FakeVideo-RealAudio,Caucasian (American),women,id00025
FakeAVCeleb_v1.2,FakeAVCeleb_v1.2__FakeVideo-RealAudio__Caucasian (American)__women__id00025__00025_id00848_wavtolip.mp4,data\raw\FakeAVCeleb_v1.2\FakeVideo-RealAudio\Caucasian (American)\women\id00025\00025_id00848_wavtolip.mp4,1,FakeVideo-RealAudio,Caucasian (American),women,id00025
FakeAVCeleb_v1.2,FakeAVCeleb_v1.2__FakeVideo-RealAudio__Caucasian (American)__women__id00025__00025_id01004_867Wlj7Gw68.mp4,data\raw\FakeAVCeleb_v1.2\FakeVideo-RealAudio\Caucasian (American)\women\id00025\00025_id01004_867Wlj7Gw68.mp4,1,FakeVideo-RealAudio,Caucasian (American),women,id00025
FakeAVCeleb_v1.2,FakeAVCeleb_v1.2__FakeVideo-RealAudio__Caucasian (American)__women__id00025__00025_id01004_867Wlj7Gw68_faceswap.mp4,data\raw\FakeAVCeleb_v1.2\FakeVideo-RealAudio\Caucasian (American)\women\id00025\00025_id01004_867Wlj7Gw68_faceswap.mp4,1,FakeVideo-RealAudio,Caucasian (American),women,id00025
FakeAVCeleb_v1.2,FakeAVCeleb_v1.2__FakeVideo-RealAudio__Caucasian (American)__women__id00025__00025_id01005_lJZrqhcRFSA.mp4,data\raw\FakeAVCeleb_v1.2\FakeVideo-RealAudio\Caucasian (American)\women\id00025\00025_id01005_lJZrqhcRFSA.mp4,1,FakeVideo-RealAudio,Caucasian (American),women,id00025
FakeAVCeleb_v1.2,FakeAVCeleb_v1.2__FakeVideo-RealAudio__Caucasian (American)__women__id00025__00025_id01075_wavtolip.mp4,data\raw\FakeAVCeleb_v1.2\FakeVideo-RealAudio\Caucasian (American)\women\id00025\00025_id01075_wavtolip.mp4,1,FakeVideo-RealAudio,Caucasian (American),women,id00025
FakeAVCeleb_v1.2,FakeAVCeleb_v1.2__FakeVideo-RealAudio__Caucasian (American)__women__id00025__00025_id01091_oM2XdIGMM2c.mp4,data\raw\FakeAVCeleb_v1.2\FakeVideo-RealAudio\Caucasian (American)\women\id00025\00025_id01091_oM2XdIGMM2c.mp4,1,FakeVideo-RealAudio,Caucasian (American),women,id00025
FakeAVCeleb_v1.2,FakeAVCeleb_v1.2__FakeVideo-RealAudio__Caucasian (American)__women__id00025__00025_id01238_wavtolip.mp4,data\raw\FakeAVCeleb_v1.2\FakeVideo-RealAudio\Caucasian (American)\women\id00025\00025_id01238_wavtolip.mp4,1,FakeVideo-RealAudio,Caucasian (American),women,id00025
FakeAVCeleb_v1.2,FakeAVCeleb_v1.2__FakeVideo-RealAudio__Caucasian (American)__women__id00025__00025_id03605_JGZt9DAhBRs.mp4,data\raw\FakeAVCeleb_v1.2\FakeVideo-RealAudio\Caucasian (American)\women\id00025\00025_id03605_JGZt9DAhBRs.mp4,1,FakeVideo-RealAudio,Caucasian (American),women,id00025
FakeAVCeleb_v1.2,FakeAVCeleb_v1.2__FakeVideo-RealAudio__Caucasian (American)__women__id00025__00025_id03707_pwNcRPQ5qdo.mp4,data\raw\FakeAVCeleb_v1.2\FakeVideo-RealAudio\Caucasian (American)\women\id00025\00025_id03707_pwNcRPQ5qdo.mp4,1,FakeVideo-RealAudio,Caucasian (American),women,id00025
FakeAVCeleb_v1.2,FakeAVCeleb_v1.2__FakeVideo-RealAudio__Caucasian (American)__women__id00025__00025_id03707_wavtolip.mp4,data\raw\FakeAVCeleb_v1.2\FakeVideo-RealAudio\Caucasian (American)\women\id00025\00025_id03707_wavtolip.mp4,1,FakeVideo-RealAudio,Caucasian (American),women,id00025
FakeAVCeleb_v1.2,FakeAVCeleb_v1.2__FakeVideo-RealAudio__Caucasian (American)__women__id00025__00025_id03781_jbHfYGVNqTg.mp4,data\raw\FakeAVCeleb_v1.2\FakeVideo-RealAudio\Caucasian (American)\women\id00025\00025_id03781_jbHfYGVNqTg.mp4,1,FakeVideo-RealAudio,Caucasian (American),women,id00025
FakeAVCeleb_v1.2,FakeAVCeleb_v1.2__FakeVideo-RealAudio__Caucasian (American)__women__id00190__00072_id00100_wavtolip.mp4,data\raw\FakeAVCeleb_v1.2\FakeVideo-RealAudio\Caucasian (American)\women\id00190\00072_id00100_wavtolip.mp4,1,FakeVideo-RealAudio,Caucasian (American),women,id00190
FakeAVCeleb_v1.2,FakeAVCeleb_v1.2__FakeVideo-RealAudio__Caucasian (American)__women__id00190__00072_id00145_wavtolip.mp4,data\raw\FakeAVCeleb_v1.2\FakeVideo-RealAudio\Caucasian (American)\women\id00190\00072_id00145_wavtolip.mp4,1,FakeVideo-RealAudio,Caucasian (American),women,id00190
FakeAVCeleb_v1.2,FakeAVCeleb_v1.2__FakeVideo-RealAudio__Caucasian (American)__women__id00190__00072_id00180_lkeAa8Od_tg.mp4,data\raw\FakeAVCeleb_v1.2\FakeVideo-RealAudio\Caucasian (American)\women\id00190\00072_id00180_lkeAa8Od_tg.mp4,1,FakeVideo-RealAudio,Caucasian (American),women,id00190
FakeAVCeleb_v1.2,FakeAVCeleb_v1.2__FakeVideo-RealAudio__Caucasian (American)__women__id00190__00072_id00180_lkeAa8Od_tg_faceswap.mp4,data\raw\FakeAVCeleb_v1.2\FakeVideo-RealAudio\Caucasian (American)\women\id00190\00072_id00180_lkeAa8Od_tg_faceswap.mp4,1,FakeVideo-RealAudio,Caucasian (American),women,id00190
FakeAVCeleb_v1.2,FakeAVCeleb_v1.2__FakeVideo-RealAudio__Caucasian (American)__women__id00190__00072_id00261_gYQ5Scz5FnA.mp4,data\raw\FakeAVCeleb_v1.2\FakeVideo-RealAudio\Caucasian (American)\women\id00190\00072_id00261_gYQ5Scz5FnA.mp4,1,FakeVideo-RealAudio,Caucasian (American),women,id00190
FakeAVCeleb_v1.2,FakeAVCeleb_v1.2__FakeVideo-RealAudio__Caucasian (American)__women__id00190__00072_id00291_wavtolip.mp4,data\raw\FakeAVCeleb_v1.2\FakeVideo-RealAudio\Caucasian (American)\women\id00190\00072_id00291_wavtolip.mp4,1,FakeVideo-RealAudio,Caucasian (American),women,id00190
FakeAVCeleb_v1.2,FakeAVCeleb_v1.2__FakeVideo-RealAudio__Caucasian (American)__women__id00190__00072_id00381_79zqA0CZh8s.mp4,data\raw\FakeAVCeleb_v1.2\FakeVideo-RealAudio\Caucasian (American)\women\id00190\00072_id00381_79zqA0CZh8s.mp4,1,FakeVideo-RealAudio,Caucasian (American),women,id00190
FakeAVCeleb_v1.2,FakeAVCeleb_v1.2__FakeVideo-RealAudio__Caucasian (American)__women__id00190__00072_id00418_KSTOz7H0OuQ.mp4,data\raw\FakeAVCeleb_v1.2\FakeVideo-RealAudio\Caucasian (American)\women\id00190\00072_id00418_KSTOz7H0OuQ.mp4,1,FakeVideo-RealAudio,Caucasian (American),women,id00190
FakeAVCeleb_v1.2,FakeAVCeleb_v1.2__FakeVideo-RealAudio__Caucasian (American)__women__id00190__00072_id00418_wavtolip.mp4,data\raw\FakeAVCeleb_v1.2\FakeVideo-RealAudio\Caucasian (American)\women\id00190\00072_id00418_wavtolip.mp4,1,FakeVideo-RealAudio,Caucasian (American),women,id00190
FakeAVCeleb_v1.2,FakeAVCeleb_v1.2__FakeVideo-RealAudio__Caucasian (American)__women__id00190__00072_id00428_Kr7n-68JWww.mp4,data\raw\FakeAVCeleb_v1.2\FakeVideo-RealAudio\Caucasian (American)\women\id00190\00072_id00428_Kr7n-68JWww.mp4,1,FakeVideo-RealAudio,Caucasian (American),women,id00190
FakeAVCeleb_v1.2,FakeAVCeleb_v1.2__FakeVideo-RealAudio__Caucasian (American)__women__id00190__00072_id00458_wavtolip.mp4,data\raw\FakeAVCeleb_v1.2\FakeVideo-RealAudio\Caucasian (American)\women\id00190\00072_id00458_wavtolip.mp4,1,FakeVideo-RealAudio,Caucasian (American),women,id00190
FakeAVCeleb_v1.2,FakeAVCeleb_v1.2__FakeVideo-RealAudio__Caucasian (American)__women__id00190__00072_id00462_EMnGfAq9gg4.mp4,data\raw\FakeAVCeleb_v1.2\FakeVideo-RealAudio\Caucasian (American)\women\id00190\00072_id00462_EMnGfAq9gg4.mp4,1,FakeVideo-RealAudio,Caucasian (American),women,id00190
FakeAVCeleb_v1.2,FakeAVCeleb_v1.2__FakeVideo-RealAudio__Caucasian (American)__women__id00190__00072_id00575_wavtolip.mp4,data\raw\FakeAVCeleb_v1.2\FakeVideo-RealAudio\Caucasian (American)\women\id00190\00072_id00575_wavtolip.mp4,1,FakeVideo-RealAudio,Caucasian (American),women,id00190
FakeAVCeleb_v1.2,FakeAVCeleb_v1.2__FakeVideo-RealAudio__Caucasian (American)__women__id00190__00072_id00616_wavtolip.mp4,data\raw\FakeAVCeleb_v1.2\FakeVideo-RealAudio\Caucasian (American)\women\id00190\00072_id00616_wavtolip.mp4,1,FakeVideo-RealAudio,Caucasian (American),women,id00190
FakeAVCeleb_v1.2,FakeAVCeleb_v1.2__FakeVideo-RealAudio__Caucasian (American)__women__id00190__00072_id00618__TwV2SmUIlY.mp4,data\raw\FakeAVCeleb_v1.2\FakeVideo-RealAudio\Caucasian (American)\women\id00190\00072_id00618__TwV2SmUIlY.mp4,1,FakeVideo-RealAudio,Caucasian (American),women,id00190
FakeAVCeleb_v1.2,FakeAVCeleb_v1.2__FakeVideo-RealAudio__Caucasian (American)__women__id00190__00072_id00835_wavtolip.mp4,data\raw\FakeAVCeleb_v1.2\FakeVideo-RealAudio\Caucasian (American)\women\id00190\00072_id00835_wavtolip.mp4,1,FakeVideo-RealAudio,Caucasian (American),women,id00190
FakeAVCeleb_v1.2,FakeAVCeleb_v1.2__FakeVideo-RealAudio__Caucasian (American)__women__id00190__00072_id01075_MtJUiHspdT0.mp4,data\raw\FakeAVCeleb_v1.2\FakeVideo-RealAudio\Caucasian (American)\women\id00190\00072_id01075_MtJUiHspdT0.mp4,1,FakeVideo-RealAudio,Caucasian (American),women,id00190
FakeAVCeleb_v1.2,FakeAVCeleb_v1.2__FakeVideo-RealAudio__Caucasian (American)__women__id00190__00072_id01245_7pYBPczR_z0.mp4,data\raw\FakeAVCeleb_v1.2\FakeVideo-RealAudio\Caucasian (American)\women\id00190\00072_id01245_7pYBPczR_z0.mp4,1,FakeVideo-RealAudio,Caucasian (American),women,id00190
FakeAVCeleb_v1.2,FakeAVCeleb_v1.2__FakeVideo-RealAudio__Caucasian (American)__women__id00190__00072_id03556_wavtolip.mp4,data\raw\FakeAVCeleb_v1.2\FakeVideo-RealAudio\Caucasian (American)\women\id00190\00072_id03556_wavtolip.mp4,1,FakeVideo-RealAudio,Caucasian (American),women,id00190
FakeAVCeleb_v1.2,FakeAVCeleb_v1.2__FakeVideo-RealAudio__Caucasian (American)__women__id00190__00072_id03707_pwNcRPQ5qdo.mp4,data\raw\FakeAVCeleb_v1.2\FakeVideo-RealAudio\Caucasian (American)\women\id00190\00072_id03707_pwNcRPQ5qdo.mp4,1,FakeVideo-RealAudio,Caucasian (American),women,id00190
FakeAVCeleb_v1.2,FakeAVCeleb_v1.2__FakeVideo-RealAudio__Caucasian (American)__women__id00190__00072_id03781_wavtolip.mp4,data\raw\FakeAVCeleb_v1.2\FakeVideo-RealAudio\Caucasian (American)\women\id00190\00072_id03781_wavtolip.mp4,1,FakeVideo-RealAudio,Caucasian (American),women,id00190
FakeAVCeleb_v1.2,FakeAVCeleb_v1.2__FakeVideo-RealAudio__Caucasian (American)__women__id00841__00078_0.mp4,data\raw\FakeAVCeleb_v1.2\FakeVideo-RealAudio\Caucasian (American)\women\id00841\00078_0.mp4,1,FakeVideo-RealAudio,Caucasian (American),women,id00841
FakeAVCeleb_v1.2,FakeAVCeleb_v1.2__FakeVideo-RealAudio__Caucasian (American)__women__id00841__00078_1.mp4,data\raw\FakeAVCeleb_v1.2\FakeVideo-RealAudio\Caucasian (American)\women\id00841\00078_1.mp4,1,FakeVideo-RealAudio,Caucasian (American),women,id00841
FakeAVCeleb_v1.2,FakeAVCeleb_v1.2__FakeVideo-RealAudio__Caucasian (American)__women__id00841__00078_2.mp4,data\raw\FakeAVCeleb_v1.2\FakeVideo-RealAudio\Caucasian (American)\women\id00841\00078_2.mp4,1,FakeVideo-RealAudio,Caucasian (American),women,id00841
FakeAVCeleb_v1.2,FakeAVCeleb_v1.2__FakeVideo-RealAudio__Caucasian (American)__women__id00841__00078_id00100_sZ0Ex4WUEgM.mp4,data\raw\FakeAVCeleb_v1.2\FakeVideo-RealAudio\Caucasian (American)\women\id00841\00078_id00100_sZ0Ex4WUEgM.mp4,1,FakeVideo-RealAudio,Caucasian (American),women,id00841
FakeAVCeleb_v1.2,FakeAVCeleb_v1.2__FakeVideo-RealAudio__Caucasian (American)__women__id00841__00078_id00100_wavtolip.mp4,data\raw\FakeAVCeleb_v1.2\FakeVideo-RealAudio\Caucasian (American)\women\id00841\00078_id00100_wavtolip.mp4,1,FakeVideo-RealAudio,Caucasian (American),women,id00841
FakeAVCeleb_v1.2,FakeAVCeleb_v1.2__FakeVideo-RealAudio__Caucasian (American)__women__id00841__00078_id00145_JveyoCdoCuI.mp4,data\raw\FakeAVCeleb_v1.2\FakeVideo-RealAudio\Caucasian (American)\women\id00841\00078_id00145_JveyoCdoCuI.mp4,1,FakeVideo-RealAudio,Caucasian (American),women,id00841
FakeAVCeleb_v1.2,FakeAVCeleb_v1.2__FakeVideo-RealAudio__Caucasian (American)__women__id00841__00078_id00180_lkeAa8Od_tg.mp4,data\raw\FakeAVCeleb_v1.2\FakeVideo-RealAudio\Caucasian (American)\women\id00841\00078_id00180_lkeAa8Od_tg.mp4,1,FakeVideo-RealAudio,Caucasian (American),women,id00841
FakeAVCeleb_v1.2,FakeAVCeleb_v1.2__FakeVideo-RealAudio__Caucasian (American)__women__id00841__00078_id00291_wavtolip.mp4,data\raw\FakeAVCeleb_v1.2\FakeVideo-RealAudio\Caucasian (American)\women\id00841\00078_id00291_wavtolip.mp4,1,FakeVideo-RealAudio,Caucasian (American),women,id00841
FakeAVCeleb_v1.2,FakeAVCeleb_v1.2__FakeVideo-RealAudio__Caucasian (American)__women__id00841__00078_id00398_wavtolip.mp4,data\raw\FakeAVCeleb_v1.2\FakeVideo-RealAudio\Caucasian (American)\women\id00841\00078_id00398_wavtolip.mp4,1,FakeVideo-RealAudio,Caucasian (American),women,id00841
FakeAVCeleb_v1.2,FakeAVCeleb_v1.2__FakeVideo-RealAudio__Caucasian (American)__women__id00841__00078_id00428_Kr7n-68JWww.mp4,data\raw\FakeAVCeleb_v1.2\FakeVideo-RealAudio\Caucasian (American)\women\id00841\00078_id00428_Kr7n-68JWww.mp4,1,FakeVideo-RealAudio,Caucasian (American),women,id00841
FakeAVCeleb_v1.2,FakeAVCeleb_v1.2__FakeVideo-RealAudio__Caucasian (American)__women__id00841__00078_id00752_wavtolip.mp4,data\raw\FakeAVCeleb_v1.2\FakeVideo-RealAudio\Caucasian (American)\women\id00841\00078_id00752_wavtolip.mp4,1,FakeVideo-RealAudio,Caucasian (American),women,id00841
FakeAVCeleb_v1.2,FakeAVCeleb_v1.2__FakeVideo-RealAudio__Caucasian (American)__women__id00841__00078_id00835_wavtolip.mp4,data\raw\FakeAVCeleb_v1.2\FakeVideo-RealAudio\Caucasian (American)\women\id00841\00078_id00835_wavtolip.mp4,1,FakeVideo-RealAudio,Caucasian (American),women,id00841
FakeAVCeleb_v1.2,FakeAVCeleb_v1.2__FakeVideo-RealAudio__Caucasian (American)__women__id00841__00078_id01004_wavtolip.mp4,data\raw\FakeAVCeleb_v1.2\FakeVideo-RealAudio\Caucasian (American)\women\id00841\00078_id01004_wavtolip.mp4,1,FakeVideo-RealAudio,Caucasian (American),women,id00841
FakeAVCeleb_v1.2,FakeAVCeleb_v1.2__FakeVideo-RealAudio__Caucasian (American)__women__id00841__00078_id01005_lJZrqhcRFSA.mp4,data\raw\FakeAVCeleb_v1.2\FakeVideo-RealAudio\Caucasian (American)\women\id00841\00078_id01005_lJZrqhcRFSA.mp4,1,FakeVideo-RealAudio,Caucasian (American),women,id00841
FakeAVCeleb_v1.2,FakeAVCeleb_v1.2__FakeVideo-RealAudio__Caucasian (American)__women__id00841__00078_id01075_MtJUiHspdT0.mp4,data\raw\FakeAVCeleb_v1.2\FakeVideo-RealAudio\Caucasian (American)\women\id00841\00078_id01075_MtJUiHspdT0.mp4,1,FakeVideo-RealAudio,Caucasian (American),women,id00841
FakeAVCeleb_v1.2,FakeAVCeleb_v1.2__FakeVideo-RealAudio__Caucasian (American)__women__id00841__00078_id01075_MtJUiHspdT0_faceswap.mp4,data\raw\FakeAVCeleb_v1.2\FakeVideo-RealAudio\Caucasian (American)\women\id00841\00078_id01075_MtJUiHspdT0_faceswap.mp4,1,FakeVideo-RealAudio,Caucasian (American),women,id00841
FakeAVCeleb_v1.2,FakeAVCeleb_v1.2__FakeVideo-RealAudio__Caucasian (American)__women__id00841__00078_id01075_wavtolip.mp4,data\raw\FakeAVCeleb_v1.2\FakeVideo-RealAudio\Caucasian (American)\women\id00841\00078_id01075_wavtolip.mp4,1,FakeVideo-RealAudio,Caucasian (American),women,id00841
FakeAVCeleb_v1.2,FakeAVCeleb_v1.2__FakeVideo-RealAudio__Caucasian (American)__women__id00841__00078_id01227_eNr-P3gIrgo.mp4,data\raw\FakeAVCeleb_v1.2\FakeVideo-RealAudio\Caucasian (American)\women\id00841\00078_id01227_eNr-P3gIrgo.mp4,1,FakeVideo-RealAudio,Caucasian (American),women,id00841
FakeAVCeleb_v1.2,FakeAVCeleb_v1.2__FakeVideo-RealAudio__Caucasian (American)__women__id00841__00078_id01231_wavtolip.mp4,data\raw\FakeAVCeleb_v1.2\FakeVideo-RealAudio\Caucasian (American)\women\id00841\00078_id01231_wavtolip.mp4,1,FakeVideo-RealAudio,Caucasian (American),women,id00841
FakeAVCeleb_v1.2,FakeAVCeleb_v1.2__FakeVideo-RealAudio__Caucasian (American)__women__id00841__00078_id01238_VPdv2sexRy0.mp4,data\raw\FakeAVCeleb_v1.2\FakeVideo-RealAudio\Caucasian (American)\women\id00841\00078_id01238_VPdv2sexRy0.mp4,1,FakeVideo-RealAudio,Caucasian (American),women,id00841
FakeAVCeleb_v1.2,FakeAVCeleb_v1.2__FakeVideo-RealAudio__Caucasian (American)__women__id00841__00078_id01245_7pYBPczR_z0.mp4,data\raw\FakeAVCeleb_v1.2\FakeVideo-RealAudio\Caucasian (American)\women\id00841\00078_id01245_7pYBPczR_z0.mp4,1,FakeVideo-RealAudio,Caucasian (American),women,id00841
FakeAVCeleb_v1.2,FakeAVCeleb_v1.2__FakeVideo-RealAudio__Caucasian (American)__women__id00841__00078_id01248_wavtolip.mp4,data\raw\FakeAVCeleb_v1.2\FakeVideo-RealAudio\Caucasian (American)\women\id00841\00078_id01248_wavtolip.mp4,1,FakeVideo-RealAudio,Caucasian (American),women,id00841
FakeAVCeleb_v1.2,FakeAVCeleb_v1.2__FakeVideo-RealAudio__Caucasian (American)__women__id00841__00078_id02464_wavtolip.mp4,data\raw\FakeAVCeleb_v1.2\FakeVideo-RealAudio\Caucasian (American)\women\id00841\00078_id02464_wavtolip.mp4,1,FakeVideo-RealAudio,Caucasian (American),women,id00841
FakeAVCeleb_v1.2,FakeAVCeleb_v1.2__FakeVideo-RealAudio__Caucasian (American)__women__id00841__00078_id03707_pwNcRPQ5qdo.mp4,data\raw\FakeAVCeleb_v1.2\FakeVideo-RealAudio\Caucasian (American)\women\id00841\00078_id03707_pwNcRPQ5qdo.mp4,1,FakeVideo-RealAudio,Caucasian (American),women,id00841
FakeAVCeleb_v1.2,FakeAVCeleb_v1.2__FakeVideo-RealAudio__Caucasian (American)__women__id00848__00028_id00025_PjSeVtbvSjA.mp4,data\raw\FakeAVCeleb_v1.2\FakeVideo-RealAudio\Caucasian (American)\women\id00848\00028_id00025_PjSeVtbvSjA.mp4,1,FakeVideo-RealAudio,Caucasian (American),women,id00848
FakeAVCeleb_v1.2,FakeAVCeleb_v1.2__FakeVideo-RealAudio__Caucasian (American)__women__id00848__00028_id00190_wavtolip.mp4,data\raw\FakeAVCeleb_v1.2\FakeVideo-RealAudio\Caucasian (American)\women\id00848\00028_id00190_wavtolip.mp4,1,FakeVideo-RealAudio,Caucasian (American),women,id00848
FakeAVCeleb_v1.2,FakeAVCeleb_v1.2__FakeVideo-RealAudio__Caucasian (American)__women__id00848__00028_id00231_Pi8vVHrPQMU.mp4,data\raw\FakeAVCeleb_v1.2\FakeVideo-RealAudio\Caucasian (American)\women\id00848\00028_id00231_Pi8vVHrPQMU.mp4,1,FakeVideo-RealAudio,Caucasian (American),women,id00848
FakeAVCeleb_v1.2,FakeAVCeleb_v1.2__FakeVideo-RealAudio__Caucasian (American)__women__id00848__00028_id00261_wavtolip.mp4,data\raw\FakeAVCeleb_v1.2\FakeVideo-RealAudio\Caucasian (American)\women\id00848\00028_id00261_wavtolip.mp4,1,FakeVideo-RealAudio,Caucasian (American),women,id00848
FakeAVCeleb_v1.2,FakeAVCeleb_v1.2__FakeVideo-RealAudio__Caucasian (American)__women__id00848__00028_id00381_wavtolip.mp4,data\raw\FakeAVCeleb_v1.2\FakeVideo-RealAudio\Caucasian (American)\women\id00848\00028_id00381_wavtolip.mp4,1,FakeVideo-RealAudio,Caucasian (American),women,id00848
FakeAVCeleb_v1.2,FakeAVCeleb_v1.2__FakeVideo-RealAudio__Caucasian (American)__women__id00848__00028_id00383_wavtolip.mp4,data\raw\FakeAVCeleb_v1.2\FakeVideo-RealAudio\Caucasian (American)\women\id00848\00028_id00383_wavtolip.mp4,1,FakeVideo-RealAudio,Caucasian (American),women,id00848
FakeAVCeleb_v1.2,FakeAVCeleb_v1.2__FakeVideo-RealAudio__Caucasian (American)__women__id00848__00028_id00385_oqf8cNi7lOI.mp4,data\raw\FakeAVCeleb_v1.2\FakeVideo-RealAudio\Caucasian (American)\women\id00848\00028_id00385_oqf8cNi7lOI.mp4,1,FakeVideo-RealAudio,Caucasian (American),women,id00848
FakeAVCeleb_v1.2,FakeAVCeleb_v1.2__FakeVideo-RealAudio__Caucasian (American)__women__id00848__00028_id00458_K4t1pQZL7ck.mp4,data\raw\FakeAVCeleb_v1.2\FakeVideo-RealAudio\Caucasian (American)\women\id00848\00028_id00458_K4t1pQZL7ck.mp4,1,FakeVideo-RealAudio,Caucasian (American),women,id00848
FakeAVCeleb_v1.2,FakeAVCeleb_v1.2__FakeVideo-RealAudio__Caucasian (American)__women__id00848__00028_id00458_wavtolip.mp4,data\raw\FakeAVCeleb_v1.2\FakeVideo-RealAudio\Caucasian (American)\women\id00848\00028_id00458_wavtolip.mp4,1,FakeVideo-RealAudio,Caucasian (American),women,id00848
FakeAVCeleb_v1.2,FakeAVCeleb_v1.2__FakeVideo-RealAudio__Caucasian (American)__women__id00848__00028_id00575_wavtolip.mp4,data\raw\FakeAVCeleb_v1.2\FakeVideo-RealAudio\Caucasian (American)\women\id00848\00028_id00575_wavtolip.mp4,1,FakeVideo-RealAudio,Caucasian (American),women,id00848
FakeAVCeleb_v1.2,FakeAVCeleb_v1.2__FakeVideo-RealAudio__Caucasian (American)__women__id00848__00028_id00618__TwV2SmUIlY.mp4,data\raw\FakeAVCeleb_v1.2\FakeVideo-RealAudio\Caucasian (American)\women\id00848\00028_id00618__TwV2SmUIlY.mp4,1,FakeVideo-RealAudio,Caucasian (American),women,id00848
FakeAVCeleb_v1.2,FakeAVCeleb_v1.2__FakeVideo-RealAudio__Caucasian (American)__women__id00848__00028_id00835_zWTp4szbb5k.mp4,data\raw\FakeAVCeleb_v1.2\FakeVideo-RealAudio\Caucasian (American)\women\id00848\00028_id00835_zWTp4szbb5k.mp4,1,FakeVideo-RealAudio,Caucasian (American),women,id00848
FakeAVCeleb_v1.2,FakeAVCeleb_v1.2__FakeVideo-RealAudio__Caucasian (American)__women__id00848__00028_id00841_wavtolip.mp4,data\raw\FakeAVCeleb_v1.2\FakeVideo-RealAudio\Caucasian (American)\women\id00848\00028_id00841_wavtolip.mp4,1,FakeVideo-RealAudio,Caucasian (American),women,id00848
FakeAVCeleb_v1.2,FakeAVCeleb_v1.2__FakeVideo-RealAudio__Caucasian (American)__women__id00848__00028_id01004_wavtolip.mp4,data\raw\FakeAVCeleb_v1.2\FakeVideo-RealAudio\Caucasian (American)\women\id00848\00028_id01004_wavtolip.mp4,1,FakeVideo-RealAudio,Caucasian (American),women,id00848
FakeAVCeleb_v1.2,FakeAVCeleb_v1.2__FakeVideo-RealAudio__Caucasian (American)__women__id00848__00028_id01225_WuzuZoM84Ws.mp4,data\raw\FakeAVCeleb_v1.2\FakeVideo-RealAudio\Caucasian (American)\women\id00848\00028_id01225_WuzuZoM84Ws.mp4,1,FakeVideo-RealAudio,Caucasian (American),women,id00848
FakeAVCeleb_v1.2,FakeAVCeleb_v1.2__FakeVideo-RealAudio__Caucasian (American)__women__id00848__00028_id01231_wavtolip.mp4,data\raw\FakeAVCeleb_v1.2\FakeVideo-RealAudio\Caucasian (American)\women\id00848\00028_id01231_wavtolip.mp4,1,FakeVideo-RealAudio,Caucasian (American),women,id00848
FakeAVCeleb_v1.2,FakeAVCeleb_v1.2__FakeVideo-RealAudio__Caucasian (American)__women__id00848__00028_id02466_VOgaA7O5yWY.mp4,data\raw\FakeAVCeleb_v1.2\FakeVideo-RealAudio\Caucasian (American)\women\id00848\00028_id02466_VOgaA7O5yWY.mp4,1,FakeVideo-RealAudio,Caucasian (American),women,id00848
FakeAVCeleb_v1.2,FakeAVCeleb_v1.2__FakeVideo-RealAudio__Caucasian (American)__women__id00848__00028_id02466_VOgaA7O5yWY_faceswap.mp4,data\raw\FakeAVCeleb_v1.2\FakeVideo-RealAudio\Caucasian (American)\women\id00848\00028_id02466_VOgaA7O5yWY_faceswap.mp4,1,FakeVideo-RealAudio,Caucasian (American),women,id00848
FakeAVCeleb_v1.2,FakeAVCeleb_v1.2__FakeVideo-RealAudio__Caucasian (American)__women__id00848__00028_id03556_wavtolip.mp4,data\raw\FakeAVCeleb_v1.2\FakeVideo-RealAudio\Caucasian (American)\women\id00848\00028_id03556_wavtolip.mp4,1,FakeVideo-RealAudio,Caucasian (American),women,id00848
FakeAVCeleb_v1.2,FakeAVCeleb_v1.2__FakeVideo-RealAudio__Caucasian (American)__women__id00848__00028_id03605_JGZt9DAhBRs.mp4,data\raw\FakeAVCeleb_v1.2\FakeVideo-RealAudio\Caucasian (American)\women\id00848\00028_id03605_JGZt9DAhBRs.mp4,1,FakeVideo-RealAudio,Caucasian (American),women,id00848
FakeAVCeleb_v1.2,FakeAVCeleb_v1.2__FakeVideo-RealAudio__Caucasian (American)__women__id00848__00028_id03781_jbHfYGVNqTg.mp4,data\raw\FakeAVCeleb_v1.2\FakeVideo-RealAudio\Caucasian (American)\women\id00848\00028_id03781_jbHfYGVNqTg.mp4,1,FakeVideo-RealAudio,Caucasian (American),women,id00848
FakeAVCeleb_v1.2,FakeAVCeleb_v1.2__FakeVideo-RealAudio__Caucasian (European)__men__id00063__00021_id00055_wavtolip.mp4,data\raw\FakeAVCeleb_v1.2\FakeVideo-RealAudio\Caucasian (European)\men\id00063\00021_id00055_wavtolip.mp4,1,FakeVideo-RealAudio,Caucasian (European),men,id00063
FakeAVCeleb_v1.2,FakeAVCeleb_v1.2__FakeVideo-RealAudio__Caucasian (European)__men__id00063__00021_id00055_XzCF6sJ8Axc.mp4,data\raw\FakeAVCeleb_v1.2\FakeVideo-RealAudio\Caucasian (European)\men\id00063\00021_id00055_XzCF6sJ8Axc.mp4,1,FakeVideo-RealAudio,Caucasian (European),men,id00063
FakeAVCeleb_v1.2,FakeAVCeleb_v1.2__FakeVideo-RealAudio__Caucasian (European)__men__id00063__00021_id00185_wavtolip.mp4,data\raw\FakeAVCeleb_v1.2\FakeVideo-RealAudio\Caucasian (European)\men\id00063\00021_id00185_wavtolip.mp4,1,FakeVideo-RealAudio,Caucasian (European),men,id00063
FakeAVCeleb_v1.2,FakeAVCeleb_v1.2__FakeVideo-RealAudio__Caucasian (European)__men__id00063__00021_id00225_wavtolip.mp4,data\raw\FakeAVCeleb_v1.2\FakeVideo-RealAudio\Caucasian (European)\men\id00063\00021_id00225_wavtolip.mp4,1,FakeVideo-RealAudio,Caucasian (European),men,id00063
FakeAVCeleb_v1.2,FakeAVCeleb_v1.2__FakeVideo-RealAudio__Caucasian (European)__men__id00063__00021_id00241_DlI4wqSFwbI.mp4,data\raw\FakeAVCeleb_v1.2\FakeVideo-RealAudio\Caucasian (European)\men\id00063\00021_id00241_DlI4wqSFwbI.mp4,1,FakeVideo-RealAudio,Caucasian (European),men,id00063
FakeAVCeleb_v1.2,FakeAVCeleb_v1.2__FakeVideo-RealAudio__Caucasian (European)__men__id00063__00021_id00241_wavtolip.mp4,data\raw\FakeAVCeleb_v1.2\FakeVideo-RealAudio\Caucasian (European)\men\id00063\00021_id00241_wavtolip.mp4,1,FakeVideo-RealAudio,Caucasian (European),men,id00063
FakeAVCeleb_v1.2,FakeAVCeleb_v1.2__FakeVideo-RealAudio__Caucasian (European)__men__id00063__00021_id00253_wavtolip.mp4,data\raw\FakeAVCeleb_v1.2\FakeVideo-RealAudio\Caucasian (European)\men\id00063\00021_id00253_wavtolip.mp4,1,FakeVideo-RealAudio,Caucasian (European),men,id00063
FakeAVCeleb_v1.2,FakeAVCeleb_v1.2__FakeVideo-RealAudio__Caucasian (European)__men__id00063__00021_id00282_iTsqWj6GEbo.mp4,data\raw\FakeAVCeleb_v1.2\FakeVideo-RealAudio\Caucasian (European)\men\id00063\00021_id00282_iTsqWj6GEbo.mp4,1,FakeVideo-RealAudio,Caucasian (European),men,id00063
FakeAVCeleb_v1.2,FakeAVCeleb_v1.2__FakeVideo-RealAudio__Caucasian (European)__men__id00063__00021_id00306_wavtolip.mp4,data\raw\FakeAVCeleb_v1.2\FakeVideo-RealAudio\Caucasian (European)\men\id00063\00021_id00306_wavtolip.mp4,1,FakeVideo-RealAudio,Caucasian (European),men,id00063
FakeAVCeleb_v1.2,FakeAVCeleb_v1.2__FakeVideo-RealAudio__Caucasian (European)__men__id00063__00021_id00358_vsVwGKy79kM.mp4,data\raw\FakeAVCeleb_v1.2\FakeVideo-RealAudio\Caucasian (European)\men\id00063\00021_id00358_vsVwGKy79kM.mp4,1,FakeVideo-RealAudio,Caucasian (European),men,id00063
FakeAVCeleb_v1.2,FakeAVCeleb_v1.2__FakeVideo-RealAudio__Caucasian (European)__men__id00063__00021_id00358_vsVwGKy79kM_faceswap.mp4,data\raw\FakeAVCeleb_v1.2\FakeVideo-RealAudio\Caucasian (European)\men\id00063\00021_id00358_vsVwGKy79kM_faceswap.mp4,1,FakeVideo-RealAudio,Caucasian (European),men,id00063
FakeAVCeleb_v1.2,FakeAVCeleb_v1.2__FakeVideo-RealAudio__Caucasian (European)__men__id00063__00021_id00368_wavtolip.mp4,data\raw\FakeAVCeleb_v1.2\FakeVideo-RealAudio\Caucasian (European)\men\id00063\00021_id00368_wavtolip.mp4,1,FakeVideo-RealAudio,Caucasian (European),men,id00063
FakeAVCeleb_v1.2,FakeAVCeleb_v1.2__FakeVideo-RealAudio__Caucasian (European)__men__id00063__00021_id00535_BhvTIJ-YG5s.mp4,data\raw\FakeAVCeleb_v1.2\FakeVideo-RealAudio\Caucasian (European)\men\id00063\00021_id00535_BhvTIJ-YG5s.mp4,1,FakeVideo-RealAudio,Caucasian (European),men,id00063
FakeAVCeleb_v1.2,FakeAVCeleb_v1.2__FakeVideo-RealAudio__Caucasian (European)__men__id00063__00021_id00919_XDUn0Pskyrk.mp4,data\raw\FakeAVCeleb_v1.2\FakeVideo-RealAudio\Caucasian (European)\men\id00063\00021_id00919_XDUn0Pskyrk.mp4,1,FakeVideo-RealAudio,Caucasian (European),men,id00063
FakeAVCeleb_v1.2,FakeAVCeleb_v1.2__FakeVideo-RealAudio__Caucasian (European)__men__id00063__00021_id00999_wavtolip.mp4,data\raw\FakeAVCeleb_v1.2\FakeVideo-RealAudio\Caucasian (European)\men\id00063\00021_id00999_wavtolip.mp4,1,FakeVideo-RealAudio,Caucasian (European),men,id00063
FakeAVCeleb_v1.2,FakeAVCeleb_v1.2__FakeVideo-RealAudio__Caucasian (European)__men__id00063__00021_id01052_wavtolip.mp4,data\raw\FakeAVCeleb_v1.2\FakeVideo-RealAudio\Caucasian (European)\men\id00063\00021_id01052_wavtolip.mp4,1,FakeVideo-RealAudio,Caucasian (European),men,id00063
FakeAVCeleb_v1.2,FakeAVCeleb_v1.2__FakeVideo-RealAudio__Caucasian (European)__men__id00063__00021_id01123_wavtolip.mp4,data\raw\FakeAVCeleb_v1.2\FakeVideo-RealAudio\Caucasian (European)\men\id00063\00021_id01123_wavtolip.mp4,1,FakeVideo-RealAudio,Caucasian (European),men,id00063
FakeAVCeleb_v1.2,FakeAVCeleb_v1.2__FakeVideo-RealAudio__Caucasian (European)__men__id00063__00021_id01156_RT99eogJo4k.mp4,data\raw\FakeAVCeleb_v1.2\FakeVideo-RealAudio\Caucasian (European)\men\id00063\00021_id01156_RT99eogJo4k.mp4,1,FakeVideo-RealAudio,Caucasian (European),men,id00063
FakeAVCeleb_v1.2,FakeAVCeleb_v1.2__FakeVideo-RealAudio__Caucasian (European)__men__id00063__00021_id01157_yDgqfOWVKko.mp4,data\raw\FakeAVCeleb_v1.2\FakeVideo-RealAudio\Caucasian (European)\men\id00063\00021_id01157_yDgqfOWVKko.mp4,1,FakeVideo-RealAudio,Caucasian (European),men,id00063
FakeAVCeleb_v1.2,FakeAVCeleb_v1.2__FakeVideo-RealAudio__Caucasian (European)__men__id00063__00021_id02567_4Ao5jgpSXdw.mp4,data\raw\FakeAVCeleb_v1.2\FakeVideo-RealAudio\Caucasian (European)\men\id00063\00021_id02567_4Ao5jgpSXdw.mp4,1,FakeVideo-RealAudio,Caucasian (European),men,id00063
FakeAVCeleb_v1.2,FakeAVCeleb_v1.2__FakeVideo-RealAudio__Caucasian (European)__men__id00063__00021_id03205_gXytNIcANKw.mp4,data\raw\FakeAVCeleb_v1.2\FakeVideo-RealAudio\Caucasian (European)\men\id00063\00021_id03205_gXytNIcANKw.mp4,1,FakeVideo-RealAudio,Caucasian (European),men,id00063
FakeAVCeleb_v1.2,FakeAVCeleb_v1.2__FakeVideo-RealAudio__Caucasian (European)__men__id00225__00078_id00063_wavtolip.mp4,data\raw\FakeAVCeleb_v1.2\FakeVideo-RealAudio\Caucasian (European)\men\id00225\00078_id00063_wavtolip.mp4,1,FakeVideo-RealAudio,Caucasian (European),men,id00225
FakeAVCeleb_v1.2,FakeAVCeleb_v1.2__FakeVideo-RealAudio__Caucasian (European)__men__id00225__00078_id00171_PWU6n0qrv4c.mp4,data\raw\FakeAVCeleb_v1.2\FakeVideo-RealAudio\Caucasian (European)\men\id00225\00078_id00171_PWU6n0qrv4c.mp4,1,FakeVideo-RealAudio,Caucasian (European),men,id00225
FakeAVCeleb_v1.2,FakeAVCeleb_v1.2__FakeVideo-RealAudio__Caucasian (European)__men__id00225__00078_id00183_wavtolip.mp4,data\raw\FakeAVCeleb_v1.2\FakeVideo-RealAudio\Caucasian (European)\men\id00225\00078_id00183_wavtolip.mp4,1,FakeVideo-RealAudio,Caucasian (European),men,id00225
FakeAVCeleb_v1.2,FakeAVCeleb_v1.2__FakeVideo-RealAudio__Caucasian (European)__men__id00225__00078_id00185_1lsGWpwnl1M.mp4,data\raw\FakeAVCeleb_v1.2\FakeVideo-RealAudio\Caucasian (European)\men\id00225\00078_id00185_1lsGWpwnl1M.mp4,1,FakeVideo-RealAudio,Caucasian (European),men,id00225
FakeAVCeleb_v1.2,FakeAVCeleb_v1.2__FakeVideo-RealAudio__Caucasian (European)__men__id00225__00078_id00185_wavtolip.mp4,data\raw\FakeAVCeleb_v1.2\FakeVideo-RealAudio\Caucasian (European)\men\id00225\00078_id00185_wavtolip.mp4,1,FakeVideo-RealAudio,Caucasian (European),men,id00225
FakeAVCeleb_v1.2,FakeAVCeleb_v1.2__FakeVideo-RealAudio__Caucasian (European)__men__id00225__00078_id00187_dwaPMrJANMQ.mp4,data\raw\FakeAVCeleb_v1.2\FakeVideo-RealAudio\Caucasian (European)\men\id00225\00078_id00187_dwaPMrJANMQ.mp4,1,FakeVideo-RealAudio,Caucasian (European),men,id00225
FakeAVCeleb_v1.2,FakeAVCeleb_v1.2__FakeVideo-RealAudio__Caucasian (European)__men__id00225__00078_id00225_wavtolip.mp4,data\raw\FakeAVCeleb_v1.2\FakeVideo-RealAudio\Caucasian (European)\men\id00225\00078_id00225_wavtolip.mp4,1,FakeVideo-RealAudio,Caucasian (European),men,id00225
FakeAVCeleb_v1.2,FakeAVCeleb_v1.2__FakeVideo-RealAudio__Caucasian (European)__men__id00225__00078_id00266_utVnnggS30E.mp4,data\raw\FakeAVCeleb_v1.2\FakeVideo-RealAudio\Caucasian (European)\men\id00225\00078_id00266_utVnnggS30E.mp4,1,FakeVideo-RealAudio,Caucasian (European),men,id00225
FakeAVCeleb_v1.2,FakeAVCeleb_v1.2__FakeVideo-RealAudio__Caucasian (European)__men__id00225__00078_id00358_vsVwGKy79kM.mp4,data\raw\FakeAVCeleb_v1.2\FakeVideo-RealAudio\Caucasian (European)\men\id00225\00078_id00358_vsVwGKy79kM.mp4,1,FakeVideo-RealAudio,Caucasian (European),men,id00225
FakeAVCeleb_v1.2,FakeAVCeleb_v1.2__FakeVideo-RealAudio__Caucasian (European)__men__id00225__00078_id00358_wavtolip.mp4,data\raw\FakeAVCeleb_v1.2\FakeVideo-RealAudio\Caucasian (European)\men\id00225\00078_id00358_wavtolip.mp4,1,FakeVideo-RealAudio,Caucasian (European),men,id00225
FakeAVCeleb_v1.2,FakeAVCeleb_v1.2__FakeVideo-RealAudio__Caucasian (European)__men__id00225__00078_id00498_wavtolip.mp4,data\raw\FakeAVCeleb_v1.2\FakeVideo-RealAudio\Caucasian (European)\men\id00225\00078_id00498_wavtolip.mp4,1,FakeVideo-RealAudio,Caucasian (European),men,id00225
FakeAVCeleb_v1.2,FakeAVCeleb_v1.2__FakeVideo-RealAudio__Caucasian (European)__men__id00225__00078_id00519_riI0J9g9OG4.mp4,data\raw\FakeAVCeleb_v1.2\FakeVideo-RealAudio\Caucasian (European)\men\id00225\00078_id00519_riI0J9g9OG4.mp4,1,FakeVideo-RealAudio,Caucasian (European),men,id00225
FakeAVCeleb_v1.2,FakeAVCeleb_v1.2__FakeVideo-RealAudio__Caucasian (European)__men__id00225__00078_id00520_wavtolip.mp4,data\raw\FakeAVCeleb_v1.2\FakeVideo-RealAudio\Caucasian (European)\men\id00225\00078_id00520_wavtolip.mp4,1,FakeVideo-RealAudio,Caucasian (European),men,id00225
FakeAVCeleb_v1.2,FakeAVCeleb_v1.2__FakeVideo-RealAudio__Caucasian (European)__men__id00225__00078_id00548_wavtolip.mp4,data\raw\FakeAVCeleb_v1.2\FakeVideo-RealAudio\Caucasian (European)\men\id00225\00078_id00548_wavtolip.mp4,1,FakeVideo-RealAudio,Caucasian (European),men,id00225
FakeAVCeleb_v1.2,FakeAVCeleb_v1.2__FakeVideo-RealAudio__Caucasian (European)__men__id00225__00078_id00709_Rh23ELMGsIQ.mp4,data\raw\FakeAVCeleb_v1.2\FakeVideo-RealAudio\Caucasian (European)\men\id00225\00078_id00709_Rh23ELMGsIQ.mp4,1,FakeVideo-RealAudio,Caucasian (European),men,id00225
FakeAVCeleb_v1.2,FakeAVCeleb_v1.2__FakeVideo-RealAudio__Caucasian (European)__men__id00225__00078_id00709_Rh23ELMGsIQ_faceswap.mp4,data\raw\FakeAVCeleb_v1.2\FakeVideo-RealAudio\Caucasian (European)\men\id00225\00078_id00709_Rh23ELMGsIQ_faceswap.mp4,1,FakeVideo-RealAudio,Caucasian (European),men,id00225
FakeAVCeleb_v1.2,FakeAVCeleb_v1.2__FakeVideo-RealAudio__Caucasian (European)__men__id00225__00078_id00709_wavtolip.mp4,data\raw\FakeAVCeleb_v1.2\FakeVideo-RealAudio\Caucasian (European)\men\id00225\00078_id00709_wavtolip.mp4,1,FakeVideo-RealAudio,Caucasian (European),men,id00225
FakeAVCeleb_v1.2,FakeAVCeleb_v1.2__FakeVideo-RealAudio__Caucasian (European)__men__id00225__00078_id00919_wavtolip.mp4,data\raw\FakeAVCeleb_v1.2\FakeVideo-RealAudio\Caucasian (European)\men\id00225\00078_id00919_wavtolip.mp4,1,FakeVideo-RealAudio,Caucasian (European),men,id00225
FakeAVCeleb_v1.2,FakeAVCeleb_v1.2__FakeVideo-RealAudio__Caucasian (European)__men__id00225__00078_id01051_jPxk6s6FM6Y.mp4,data\raw\FakeAVCeleb_v1.2\FakeVideo-RealAudio\Caucasian (European)\men\id00225\00078_id01051_jPxk6s6FM6Y.mp4,1,FakeVideo-RealAudio,Caucasian (European),men,id00225
FakeAVCeleb_v1.2,FakeAVCeleb_v1.2__FakeVideo-RealAudio__Caucasian (European)__men__id00225__00078_id01098_BwmSumx6P1U.mp4,data\raw\FakeAVCeleb_v1.2\FakeVideo-RealAudio\Caucasian (European)\men\id00225\00078_id01098_BwmSumx6P1U.mp4,1,FakeVideo-RealAudio,Caucasian (European),men,id00225
FakeAVCeleb_v1.2,FakeAVCeleb_v1.2__FakeVideo-RealAudio__Caucasian (European)__men__id00225__00078_id01102_aGFUkdgmo3A.mp4,data\raw\FakeAVCeleb_v1.2\FakeVideo-RealAudio\Caucasian (European)\men\id00225\00078_id01102_aGFUkdgmo3A.mp4,1,FakeVideo-RealAudio,Caucasian (European),men,id00225
FakeAVCeleb_v1.2,FakeAVCeleb_v1.2__FakeVideo-RealAudio__Caucasian (European)__men__id00241__00015_0.mp4,data\raw\FakeAVCeleb_v1.2\FakeVideo-RealAudio\Caucasian (European)\men\id00241\00015_0.mp4,1,FakeVideo-RealAudio,Caucasian (European),men,id00241
FakeAVCeleb_v1.2,FakeAVCeleb_v1.2__FakeVideo-RealAudio__Caucasian (European)__men__id00241__00015_1.mp4,data\raw\FakeAVCeleb_v1.2\FakeVideo-RealAudio\Caucasian (European)\men\id00241\00015_1.mp4,1,FakeVideo-RealAudio,Caucasian (European),men,id00241
FakeAVCeleb_v1.2,FakeAVCeleb_v1.2__FakeVideo-RealAudio__Caucasian (European)__men__id00241__00015_2.mp4,data\raw\FakeAVCeleb_v1.2\FakeVideo-RealAudio\Caucasian (European)\men\id00241\00015_2.mp4,1,FakeVideo-RealAudio,Caucasian (European),men,id00241
FakeAVCeleb_v1.2,FakeAVCeleb_v1.2__FakeVideo-RealAudio__Caucasian (European)__men__id00241__00015_id00063_cVZBXC2rjPM.mp4,data\raw\FakeAVCeleb_v1.2\FakeVideo-RealAudio\Caucasian (European)\men\id00241\00015_id00063_cVZBXC2rjPM.mp4,1,FakeVideo-RealAudio,Caucasian (European),men,id00241
FakeAVCeleb_v1.2,FakeAVCeleb_v1.2__FakeVideo-RealAudio__Caucasian (European)__men__id00241__00015_id00185_wavtolip.mp4,data\raw\FakeAVCeleb_v1.2\FakeVideo-RealAudio\Caucasian (European)\men\id00241\00015_id00185_wavtolip.mp4,1,FakeVideo-RealAudio,Caucasian (European),men,id00241
FakeAVCeleb_v1.2,FakeAVCeleb_v1.2__FakeVideo-RealAudio__Caucasian (European)__men__id00241__00015_id00192_By3wxX0dyDw.mp4,data\raw\FakeAVCeleb_v1.2\FakeVideo-RealAudio\Caucasian (European)\men\id00241\00015_id00192_By3wxX0dyDw.mp4,1,FakeVideo-RealAudio,Caucasian (European),men,id00241
FakeAVCeleb_v1.2,FakeAVCeleb_v1.2__FakeVideo-RealAudio__Caucasian (European)__men__id00241__00015_id00192_wavtolip.mp4,data\raw\FakeAVCeleb_v1.2\FakeVideo-RealAudio\Caucasian (European)\men\id00241\00015_id00192_wavtolip.mp4,1,FakeVideo-RealAudio,Caucasian (European),men,id00241
FakeAVCeleb_v1.2,FakeAVCeleb_v1.2__FakeVideo-RealAudio__Caucasian (European)__men__id00241__00015_id00253_cyTfcQDjvU0.mp4,data\raw\FakeAVCeleb_v1.2\FakeVideo-RealAudio\Caucasian (European)\men\id00241\00015_id00253_cyTfcQDjvU0.mp4,1,FakeVideo-RealAudio,Caucasian (European),men,id00241
FakeAVCeleb_v1.2,FakeAVCeleb_v1.2__FakeVideo-RealAudio__Caucasian (European)__men__id00241__00015_id00265_wavtolip.mp4,data\raw\FakeAVCeleb_v1.2\FakeVideo-RealAudio\Caucasian (European)\men\id00241\00015_id00265_wavtolip.mp4,1,FakeVideo-RealAudio,Caucasian (European),men,id00241
FakeAVCeleb_v1.2,FakeAVCeleb_v1.2__FakeVideo-RealAudio__Caucasian (European)__men__id00241__00015_id00368_KohcGDsg29U.mp4,data\raw\FakeAVCeleb_v1.2\FakeVideo-RealAudio\Caucasian (European)\men\id00241\00015_id00368_KohcGDsg29U.mp4,1,FakeVideo-RealAudio,Caucasian (European),men,id00241
FakeAVCeleb_v1.2,FakeAVCeleb_v1.2__FakeVideo-RealAudio__Caucasian (European)__men__id00241__00015_id00368_wavtolip.mp4,data\raw\FakeAVCeleb_v1.2\FakeVideo-RealAudio\Caucasian (European)\men\id00241\00015_id00368_wavtolip.mp4,1,FakeVideo-RealAudio,Caucasian (European),men,id00241
FakeAVCeleb_v1.2,FakeAVCeleb_v1.2__FakeVideo-RealAudio__Caucasian (European)__men__id00241__00015_id00415_saYfEadFy_s.mp4,data\raw\FakeAVCeleb_v1.2\FakeVideo-RealAudio\Caucasian (European)\men\id00241\00015_id00415_saYfEadFy_s.mp4,1,FakeVideo-RealAudio,Caucasian (European),men,id00241
FakeAVCeleb_v1.2,FakeAVCeleb_v1.2__FakeVideo-RealAudio__Caucasian (European)__men__id00241__00015_id00415_wavtolip.mp4,data\raw\FakeAVCeleb_v1.2\FakeVideo-RealAudio\Caucasian (European)\men\id00241\00015_id00415_wavtolip.mp4,1,FakeVideo-RealAudio,Caucasian (European),men,id00241
FakeAVCeleb_v1.2,FakeAVCeleb_v1.2__FakeVideo-RealAudio__Caucasian (European)__men__id00241__00015_id00535_wavtolip.mp4,data\raw\FakeAVCeleb_v1.2\FakeVideo-RealAudio\Caucasian (European)\men\id00241\00015_id00535_wavtolip.mp4,1,FakeVideo-RealAudio,Caucasian (European),men,id00241
FakeAVCeleb_v1.2,FakeAVCeleb_v1.2__FakeVideo-RealAudio__Caucasian (European)__men__id00241__00015_id00554_crjq1dFN1Ko.mp4,data\raw\FakeAVCeleb_v1.2\FakeVideo-RealAudio\Caucasian (European)\men\id00241\00015_id00554_crjq1dFN1Ko.mp4,1,FakeVideo-RealAudio,Caucasian (European),men,id00241
FakeAVCeleb_v1.2,FakeAVCeleb_v1.2__FakeVideo-RealAudio__Caucasian (European)__men__id00241__00015_id00554_wavtolip.mp4,data\raw\FakeAVCeleb_v1.2\FakeVideo-RealAudio\Caucasian (European)\men\id00241\00015_id00554_wavtolip.mp4,1,FakeVideo-RealAudio,Caucasian (European),men,id00241
FakeAVCeleb_v1.2,FakeAVCeleb_v1.2__FakeVideo-RealAudio__Caucasian (European)__men__id00241__00015_id00694_wavtolip.mp4,data\raw\FakeAVCeleb_v1.2\FakeVideo-RealAudio\Caucasian (European)\men\id00241\00015_id00694_wavtolip.mp4,1,FakeVideo-RealAudio,Caucasian (European),men,id00241
FakeAVCeleb_v1.2,FakeAVCeleb_v1.2__FakeVideo-RealAudio__Caucasian (European)__men__id00241__00015_id00999_SjnM4XFBz0M.mp4,data\raw\FakeAVCeleb_v1.2\FakeVideo-RealAudio\Caucasian (European)\men\id00241\00015_id00999_SjnM4XFBz0M.mp4,1,FakeVideo-RealAudio,Caucasian (European),men,id00241
FakeAVCeleb_v1.2,FakeAVCeleb_v1.2__FakeVideo-RealAudio__Caucasian (European)__men__id00241__00015_id01051_wavtolip.mp4,data\raw\FakeAVCeleb_v1.2\FakeVideo-RealAudio\Caucasian (European)\men\id00241\00015_id01051_wavtolip.mp4,1,FakeVideo-RealAudio,Caucasian (European),men,id00241
FakeAVCeleb_v1.2,FakeAVCeleb_v1.2__FakeVideo-RealAudio__Caucasian (European)__men__id00241__00015_id01052_wavtolip.mp4,data\raw\FakeAVCeleb_v1.2\FakeVideo-RealAudio\Caucasian (European)\men\id00241\00015_id01052_wavtolip.mp4,1,FakeVideo-RealAudio,Caucasian (European),men,id00241
FakeAVCeleb_v1.2,FakeAVCeleb_v1.2__FakeVideo-RealAudio__Caucasian (European)__men__id00241__00015_id01126_zorX3gXf_vg.mp4,data\raw\FakeAVCeleb_v1.2\FakeVideo-RealAudio\Caucasian (European)\men\id00241\00015_id01126_zorX3gXf_vg.mp4,1,FakeVideo-RealAudio,Caucasian (European),men,id00241
FakeAVCeleb_v1.2,FakeAVCeleb_v1.2__FakeVideo-RealAudio__Caucasian (European)__men__id00241__00015_id01157_yDgqfOWVKko.mp4,data\raw\FakeAVCeleb_v1.2\FakeVideo-RealAudio\Caucasian (European)\men\id00241\00015_id01157_yDgqfOWVKko.mp4,1,FakeVideo-RealAudio,Caucasian (European),men,id00241
FakeAVCeleb_v1.2,FakeAVCeleb_v1.2__FakeVideo-RealAudio__Caucasian (European)__men__id00241__00015_id02567_4Ao5jgpSXdw.mp4,data\raw\FakeAVCeleb_v1.2\FakeVideo-RealAudio\Caucasian (European)\men\id00241\00015_id02567_4Ao5jgpSXdw.mp4,1,FakeVideo-RealAudio,Caucasian (European),men,id00241
FakeAVCeleb_v1.2,FakeAVCeleb_v1.2__FakeVideo-RealAudio__Caucasian (European)__men__id00548__00015_id00055_wavtolip.mp4,data\raw\FakeAVCeleb_v1.2\FakeVideo-RealAudio\Caucasian (European)\men\id00548\00015_id00055_wavtolip.mp4,1,FakeVideo-RealAudio,Caucasian (European),men,id00548
FakeAVCeleb_v1.2,FakeAVCeleb_v1.2__FakeVideo-RealAudio__Caucasian (European)__men__id00548__00015_id00063_cVZBXC2rjPM.mp4,data\raw\FakeAVCeleb_v1.2\FakeVideo-RealAudio\Caucasian (European)\men\id00548\00015_id00063_cVZBXC2rjPM.mp4,1,FakeVideo-RealAudio,Caucasian (European),men,id00548
FakeAVCeleb_v1.2,FakeAVCeleb_v1.2__FakeVideo-RealAudio__Caucasian (European)__men__id00548__00015_id00186_wavtolip.mp4,data\raw\FakeAVCeleb_v1.2\FakeVideo-RealAudio\Caucasian (European)\men\id00548\00015_id00186_wavtolip.mp4,1,FakeVideo-RealAudio,Caucasian (European),men,id00548
FakeAVCeleb_v1.2,FakeAVCeleb_v1.2__FakeVideo-RealAudio__Caucasian (European)__men__id00548__00015_id00187_wavtolip.mp4,data\raw\FakeAVCeleb_v1.2\FakeVideo-RealAudio\Caucasian (European)\men\id00548\00015_id00187_wavtolip.mp4,1,FakeVideo-RealAudio,Caucasian (European),men,id00548
FakeAVCeleb_v1.2,FakeAVCeleb_v1.2__FakeVideo-RealAudio__Caucasian (European)__men__id00548__00015_id00241_DlI4wqSFwbI.mp4,data\raw\FakeAVCeleb_v1.2\FakeVideo-RealAudio\Caucasian (European)\men\id00548\00015_id00241_DlI4wqSFwbI.mp4,1,FakeVideo-RealAudio,Caucasian (European),men,id00548
FakeAVCeleb_v1.2,FakeAVCeleb_v1.2__FakeVideo-RealAudio__Caucasian (European)__men__id00548__00015_id00266_wavtolip.mp4,data\raw\FakeAVCeleb_v1.2\FakeVideo-RealAudio\Caucasian (European)\men\id00548\00015_id00266_wavtolip.mp4,1,FakeVideo-RealAudio,Caucasian (European),men,id00548
FakeAVCeleb_v1.2,FakeAVCeleb_v1.2__FakeVideo-RealAudio__Caucasian (European)__men__id00548__00015_id00306_CDX55F3nWNc.mp4,data\raw\FakeAVCeleb_v1.2\FakeVideo-RealAudio\Caucasian (European)\men\id00548\00015_id00306_CDX55F3nWNc.mp4,1,FakeVideo-RealAudio,Caucasian (European),men,id00548
FakeAVCeleb_v1.2,FakeAVCeleb_v1.2__FakeVideo-RealAudio__Caucasian (European)__men__id00548__00015_id00358_vsVwGKy79kM.mp4,data\raw\FakeAVCeleb_v1.2\FakeVideo-RealAudio\Caucasian (European)\men\id00548\00015_id00358_vsVwGKy79kM.mp4,1,FakeVideo-RealAudio,Caucasian (European),men,id00548
FakeAVCeleb_v1.2,FakeAVCeleb_v1.2__FakeVideo-RealAudio__Caucasian (European)__men__id00548__00015_id00368_KohcGDsg29U.mp4,data\raw\FakeAVCeleb_v1.2\FakeVideo-RealAudio\Caucasian (European)\men\id00548\00015_id00368_KohcGDsg29U.mp4,1,FakeVideo-RealAudio,Caucasian (European),men,id00548
FakeAVCeleb_v1.2,FakeAVCeleb_v1.2__FakeVideo-RealAudio__Caucasian (European)__men__id00548__00015_id00368_KohcGDsg29U_faceswap.mp4,data\raw\FakeAVCeleb_v1.2\FakeVideo-RealAudio\Caucasian (European)\men\id00548\00015_id00368_KohcGDsg29U_faceswap.mp4,1,FakeVideo-RealAudio,Caucasian (European),men,id00548
FakeAVCeleb_v1.2,FakeAVCeleb_v1.2__FakeVideo-RealAudio__Caucasian (European)__men__id00548__00015_id00594_wavtolip.mp4,data\raw\FakeAVCeleb_v1.2\FakeVideo-RealAudio\Caucasian (European)\men\id00548\00015_id00594_wavtolip.mp4,1,FakeVideo-RealAudio,Caucasian (European),men,id00548
FakeAVCeleb_v1.2,FakeAVCeleb_v1.2__FakeVideo-RealAudio__Caucasian (European)__men__id00548__00015_id00694_wavtolip.mp4,data\raw\FakeAVCeleb_v1.2\FakeVideo-RealAudio\Caucasian (European)\men\id00548\00015_id00694_wavtolip.mp4,1,FakeVideo-RealAudio,Caucasian (European),men,id00548
FakeAVCeleb_v1.2,FakeAVCeleb_v1.2__FakeVideo-RealAudio__Caucasian (European)__men__id00548__00015_id00709_Rh23ELMGsIQ.mp4,data\raw\FakeAVCeleb_v1.2\FakeVideo-RealAudio\Caucasian (European)\men\id00548\00015_id00709_Rh23ELMGsIQ.mp4,1,FakeVideo-RealAudio,Caucasian (European),men,id00548
FakeAVCeleb_v1.2,FakeAVCeleb_v1.2__FakeVideo-RealAudio__Caucasian (European)__men__id00548__00015_id00909_nEQbKqo1XCs.mp4,data\raw\FakeAVCeleb_v1.2\FakeVideo-RealAudio\Caucasian (European)\men\id00548\00015_id00909_nEQbKqo1XCs.mp4,1,FakeVideo-RealAudio,Caucasian (European),men,id00548
FakeAVCeleb_v1.2,FakeAVCeleb_v1.2__FakeVideo-RealAudio__Caucasian (European)__men__id00548__00015_id00919_wavtolip.mp4,data\raw\FakeAVCeleb_v1.2\FakeVideo-RealAudio\Caucasian (European)\men\id00548\00015_id00919_wavtolip.mp4,1,FakeVideo-RealAudio,Caucasian (European),men,id00548
FakeAVCeleb_v1.2,FakeAVCeleb_v1.2__FakeVideo-RealAudio__Caucasian (European)__men__id00548__00015_id00981_wavtolip.mp4,data\raw\FakeAVCeleb_v1.2\FakeVideo-RealAudio\Caucasian (European)\men\id00548\00015_id00981_wavtolip.mp4,1,FakeVideo-RealAudio,Caucasian (European),men,id00548
FakeAVCeleb_v1.2,FakeAVCeleb_v1.2__FakeVideo-RealAudio__Caucasian (European)__men__id00548__00015_id01052_Kf4nlIEHfaU.mp4,data\raw\FakeAVCeleb_v1.2\FakeVideo-RealAudio\Caucasian (European)\men\id00548\00015_id01052_Kf4nlIEHfaU.mp4,1,FakeVideo-RealAudio,Caucasian (European),men,id00548
FakeAVCeleb_v1.2,FakeAVCeleb_v1.2__FakeVideo-RealAudio__Caucasian (European)__men__id00548__00015_id01102_aGFUkdgmo3A.mp4,data\raw\FakeAVCeleb_v1.2\FakeVideo-RealAudio\Caucasian (European)\men\id00548\00015_id01102_aGFUkdgmo3A.mp4,1,FakeVideo-RealAudio,Caucasian (European),men,id00548
FakeAVCeleb_v1.2,FakeAVCeleb_v1.2__FakeVideo-RealAudio__Caucasian (European)__men__id00548__00015_id01123_wavtolip.mp4,data\raw\FakeAVCeleb_v1.2\FakeVideo-RealAudio\Caucasian (European)\men\id00548\00015_id01123_wavtolip.mp4,1,FakeVideo-RealAudio,Caucasian (European),men,id00548
FakeAVCeleb_v1.2,FakeAVCeleb_v1.2__FakeVideo-RealAudio__Caucasian (European)__men__id00548__00015_id02567_4Ao5jgpSXdw.mp4,data\raw\FakeAVCeleb_v1.2\FakeVideo-RealAudio\Caucasian (European)\men\id00548\00015_id02567_4Ao5jgpSXdw.mp4,1,FakeVideo-RealAudio,Caucasian (European),men,id00548
FakeAVCeleb_v1.2,FakeAVCeleb_v1.2__FakeVideo-RealAudio__Caucasian (European)__men__id00548__00015_id02567_wavtolip.mp4,data\raw\FakeAVCeleb_v1.2\FakeVideo-RealAudio\Caucasian (European)\men\id00548\00015_id02567_wavtolip.mp4,1,FakeVideo-RealAudio,Caucasian (European),men,id00548
FakeAVCeleb_v1.2,FakeAVCeleb_v1.2__FakeVideo-RealAudio__Caucasian (European)__men__id01123__00072_0.mp4,data\raw\FakeAVCeleb_v1.2\FakeVideo-RealAudio\Caucasian (European)\men\id01123\00072_0.mp4,1,FakeVideo-RealAudio,Caucasian (European),men,id01123
FakeAVCeleb_v1.2,FakeAVCeleb_v1.2__FakeVideo-RealAudio__Caucasian (European)__men__id01123__00072_id00063_cVZBXC2rjPM.mp4,data\raw\FakeAVCeleb_v1.2\FakeVideo-RealAudio\Caucasian (European)\men\id01123\00072_id00063_cVZBXC2rjPM.mp4,1,FakeVideo-RealAudio,Caucasian (European),men,id01123
FakeAVCeleb_v1.2,FakeAVCeleb_v1.2__FakeVideo-RealAudio__Caucasian (European)__men__id01123__00072_id00063_wavtolip.mp4,data\raw\FakeAVCeleb_v1.2\FakeVideo-RealAudio\Caucasian (European)\men\id01123\00072_id00063_wavtolip.mp4,1,FakeVideo-RealAudio,Caucasian (European),men,id01123
FakeAVCeleb_v1.2,FakeAVCeleb_v1.2__FakeVideo-RealAudio__Caucasian (European)__men__id01123__00072_id00282_iTsqWj6GEbo.mp4,data\raw\FakeAVCeleb_v1.2\FakeVideo-RealAudio\Caucasian (European)\men\id01123\00072_id00282_iTsqWj6GEbo.mp4,1,FakeVideo-RealAudio,Caucasian (European),men,id01123
FakeAVCeleb_v1.2,FakeAVCeleb_v1.2__FakeVideo-RealAudio__Caucasian (European)__men__id01123__00072_id00282_iTsqWj6GEbo_faceswap.mp4,data\raw\FakeAVCeleb_v1.2\FakeVideo-RealAudio\Caucasian (European)\men\id01123\00072_id00282_iTsqWj6GEbo_faceswap.mp4,1,FakeVideo-RealAudio,Caucasian (European),men,id01123
FakeAVCeleb_v1.2,FakeAVCeleb_v1.2__FakeVideo-RealAudio__Caucasian (European)__men__id01123__00072_id00282_wavtolip.mp4,data\raw\FakeAVCeleb_v1.2\FakeVideo-RealAudio\Caucasian (European)\men\id01123\00072_id00282_wavtolip.mp4,1,FakeVideo-RealAudio,Caucasian (European),men,id01123
FakeAVCeleb_v1.2,FakeAVCeleb_v1.2__FakeVideo-RealAudio__Caucasian (European)__men__id01123__00072_id00292_qELK8N_DykA.mp4,data\raw\FakeAVCeleb_v1.2\FakeVideo-RealAudio\Caucasian (European)\men\id01123\00072_id00292_qELK8N_DykA.mp4,1,FakeVideo-RealAudio,Caucasian (European),men,id01123
FakeAVCeleb_v1.2,FakeAVCeleb_v1.2__FakeVideo-RealAudio__Caucasian (European)__men__id01123__00072_id00305_LdcY3ILdQrE.mp4,data\raw\FakeAVCeleb_v1.2\FakeVideo-RealAudio\Caucasian (European)\men\id01123\00072_id00305_LdcY3ILdQrE.mp4,1,FakeVideo-RealAudio,Caucasian (European),men,id01123
FakeAVCeleb_v1.2,FakeAVCeleb_v1.2__FakeVideo-RealAudio__Caucasian (European)__men__id01123__00072_id00305_wavtolip.mp4,data\raw\FakeAVCeleb_v1.2\FakeVideo-RealAudio\Caucasian (European)\men\id01123\00072_id00305_wavtolip.mp4,1,FakeVideo-RealAudio,Caucasian (European),men,id01123
FakeAVCeleb_v1.2,FakeAVCeleb_v1.2__FakeVideo-RealAudio__Caucasian (European)__men__id01123__00072_id00306_wavtolip.mp4,data\raw\FakeAVCeleb_v1.2\FakeVideo-RealAudio\Caucasian (European)\men\id01123\00072_id00306_wavtolip.mp4,1,FakeVideo-RealAudio,Caucasian (European),men,id01123
FakeAVCeleb_v1.2,FakeAVCeleb_v1.2__FakeVideo-RealAudio__Caucasian (European)__men__id01123__00072_id00358_wavtolip.mp4,data\raw\FakeAVCeleb_v1.2\FakeVideo-RealAudio\Caucasian (European)\men\id01123\00072_id00358_wavtolip.mp4,1,FakeVideo-RealAudio,Caucasian (European),men,id01123
FakeAVCeleb_v1.2,FakeAVCeleb_v1.2__FakeVideo-RealAudio__Caucasian (European)__men__id01123__00072_id00368_wavtolip.mp4,data\raw\FakeAVCeleb_v1.2\FakeVideo-RealAudio\Caucasian (European)\men\id01123\00072_id00368_wavtolip.mp4,1,FakeVideo-RealAudio,Caucasian (European),men,id01123
FakeAVCeleb_v1.2,FakeAVCeleb_v1.2__FakeVideo-RealAudio__Caucasian (European)__men__id01123__00072_id00498_N_BjyJsx80g.mp4,data\raw\FakeAVCeleb_v1.2\FakeVideo-RealAudio\Caucasian (European)\men\id01123\00072_id00498_N_BjyJsx80g.mp4,1,FakeVideo-RealAudio,Caucasian (European),men,id01123
FakeAVCeleb_v1.2,FakeAVCeleb_v1.2__FakeVideo-RealAudio__Caucasian (European)__men__id01123__00072_id00519_wavtolip.mp4,data\raw\FakeAVCeleb_v1.2\FakeVideo-RealAudio\Caucasian (European)\men\id01123\00072_id00519_wavtolip.mp4,1,FakeVideo-RealAudio,Caucasian (European),men,id01123
FakeAVCeleb_v1.2,FakeAVCeleb_v1.2__FakeVideo-RealAudio__Caucasian (European)__men__id01123__00072_id00554_crjq1dFN1Ko.mp4,data\raw\FakeAVCeleb_v1.2\FakeVideo-RealAudio\Caucasian (European)\men\id01123\00072_id00554_crjq1dFN1Ko.mp4,1,FakeVideo-RealAudio,Caucasian (European),men,id01123
FakeAVCeleb_v1.2,FakeAVCeleb_v1.2__FakeVideo-RealAudio__Caucasian (European)__men__id01123__00072_id00559_Y7ovoKuvL78.mp4,data\raw\FakeAVCeleb_v1.2\FakeVideo-RealAudio\Caucasian (European)\men\id01123\00072_id00559_Y7ovoKuvL78.mp4,1,FakeVideo-RealAudio,Caucasian (European),men,id01123
FakeAVCeleb_v1.2,FakeAVCeleb_v1.2__FakeVideo-RealAudio__Caucasian (European)__men__id01123__00072_id00694_fIQsOJG81w4.mp4,data\raw\FakeAVCeleb_v1.2\FakeVideo-RealAudio\Caucasian (European)\men\id01123\00072_id00694_fIQsOJG81w4.mp4,1,FakeVideo-RealAudio,Caucasian (European),men,id01123
FakeAVCeleb_v1.2,FakeAVCeleb_v1.2__FakeVideo-RealAudio__Caucasian (European)__men__id01123__00072_id00694_wavtolip.mp4,data\raw\FakeAVCeleb_v1.2\FakeVideo-RealAudio\Caucasian (European)\men\id01123\00072_id00694_wavtolip.mp4,1,FakeVideo-RealAudio,Caucasian (European),men,id01123
FakeAVCeleb_v1.2,FakeAVCeleb_v1.2__FakeVideo-RealAudio__Caucasian (European)__men__id01123__00072_id00909_nEQbKqo1XCs.mp4,data\raw\FakeAVCeleb_v1.2\FakeVideo-RealAudio\Caucasian (European)\men\id01123\00072_id00909_nEQbKqo1XCs.mp4,1,FakeVideo-RealAudio,Caucasian (European),men,id01123
FakeAVCeleb_v1.2,FakeAVCeleb_v1.2__FakeVideo-RealAudio__Caucasian (European)__men__id01123__00072_id00919_wavtolip.mp4,data\raw\FakeAVCeleb_v1.2\FakeVideo-RealAudio\Caucasian (European)\men\id01123\00072_id00919_wavtolip.mp4,1,FakeVideo-RealAudio,Caucasian (European),men,id01123
FakeAVCeleb_v1.2,FakeAVCeleb_v1.2__FakeVideo-RealAudio__Caucasian (European)__men__id01123__00072_id01126_zorX3gXf_vg.mp4,data\raw\FakeAVCeleb_v1.2\FakeVideo-RealAudio\Caucasian (European)\men\id01123\00072_id01126_zorX3gXf_vg.mp4,1,FakeVideo-RealAudio,Caucasian (European),men,id01123
FakeAVCeleb_v1.2,FakeAVCeleb_v1.2__FakeVideo-RealAudio__Caucasian (European)__men__id01123__00072_id03205_wavtolip.mp4,data\raw\FakeAVCeleb_v1.2\FakeVideo-RealAudio\Caucasian (European)\men\id01123\00072_id03205_wavtolip.mp4,1,FakeVideo-RealAudio,Caucasian (European),men,id01123
FakeAVCeleb_v1.2,FakeAVCeleb_v1.2__FakeVideo-RealAudio__Caucasian (European)__men__id01126__00040_0.mp4,data\raw\FakeAVCeleb_v1.2\FakeVideo-RealAudio\Caucasian (European)\men\id01126\00040_0.mp4,1,FakeVideo-RealAudio,Caucasian (European),men,id01126
FakeAVCeleb_v1.2,FakeAVCeleb_v1.2__FakeVideo-RealAudio__Caucasian (European)__men__id01126__00040_id00183_z2DhZllPWUQ.mp4,data\raw\FakeAVCeleb_v1.2\FakeVideo-RealAudio\Caucasian (European)\men\id01126\00040_id00183_z2DhZllPWUQ.mp4,1,FakeVideo-RealAudio,Caucasian (European),men,id01126
FakeAVCeleb_v1.2,FakeAVCeleb_v1.2__FakeVideo-RealAudio__Caucasian (European)__men__id01126__00040_id00186_wavtolip.mp4,data\raw\FakeAVCeleb_v1.2\FakeVideo-RealAudio\Caucasian (European)\men\id01126\00040_id00186_wavtolip.mp4,1,FakeVideo-RealAudio,Caucasian (European),men,id01126
FakeAVCeleb_v1.2,FakeAVCeleb_v1.2__FakeVideo-RealAudio__Caucasian (European)__men__id01126__00040_id00241_DlI4wqSFwbI.mp4,data\raw\FakeAVCeleb_v1.2\FakeVideo-RealAudio\Caucasian (European)\men\id01126\00040_id00241_DlI4wqSFwbI.mp4,1,FakeVideo-RealAudio,Caucasian (European),men,id01126
FakeAVCeleb_v1.2,FakeAVCeleb_v1.2__FakeVideo-RealAudio__Caucasian (European)__men__id01126__00040_id00253_cyTfcQDjvU0.mp4,data\raw\FakeAVCeleb_v1.2\FakeVideo-RealAudio\Caucasian (European)\men\id01126\00040_id00253_cyTfcQDjvU0.mp4,1,FakeVideo-RealAudio,Caucasian (European),men,id01126
FakeAVCeleb_v1.2,FakeAVCeleb_v1.2__FakeVideo-RealAudio__Caucasian (European)__men__id01126__00040_id00265_dZq57FoxXR4.mp4,data\raw\FakeAVCeleb_v1.2\FakeVideo-RealAudio\Caucasian (European)\men\id01126\00040_id00265_dZq57FoxXR4.mp4,1,FakeVideo-RealAudio,Caucasian (European),men,id01126
FakeAVCeleb_v1.2,FakeAVCeleb_v1.2__FakeVideo-RealAudio__Caucasian (European)__men__id01126__00040_id00305_LdcY3ILdQrE.mp4,data\raw\FakeAVCeleb_v1.2\FakeVideo-RealAudio\Caucasian (European)\men\id01126\00040_id00305_LdcY3ILdQrE.mp4,1,FakeVideo-RealAudio,Caucasian (European),men,id01126
FakeAVCeleb_v1.2,FakeAVCeleb_v1.2__FakeVideo-RealAudio__Caucasian (European)__men__id01126__00040_id00305_wavtolip.mp4,data\raw\FakeAVCeleb_v1.2\FakeVideo-RealAudio\Caucasian (European)\men\id01126\00040_id00305_wavtolip.mp4,1,FakeVideo-RealAudio,Caucasian (European),men,id01126
FakeAVCeleb_v1.2,FakeAVCeleb_v1.2__FakeVideo-RealAudio__Caucasian (European)__men__id01126__00040_id00415_wavtolip.mp4,data\raw\FakeAVCeleb_v1.2\FakeVideo-RealAudio\Caucasian (European)\men\id01126\00040_id00415_wavtolip.mp4,1,FakeVideo-RealAudio,Caucasian (European),men,id01126
FakeAVCeleb_v1.2,FakeAVCeleb_v1.2__FakeVideo-RealAudio__Caucasian (European)__men__id01126__00040_id00535_BhvTIJ-YG5s.mp4,data\raw\FakeAVCeleb_v1.2\FakeVideo-RealAudio\Caucasian (European)\men\id01126\00040_id00535_BhvTIJ-YG5s.mp4,1,FakeVideo-RealAudio,Caucasian (European),men,id01126
FakeAVCeleb_v1.2,FakeAVCeleb_v1.2__FakeVideo-RealAudio__Caucasian (European)__men__id01126__00040_id00535_BhvTIJ-YG5s_faceswap.mp4,data\raw\FakeAVCeleb_v1.2\FakeVideo-RealAudio\Caucasian (European)\men\id01126\00040_id00535_BhvTIJ-YG5s_faceswap.mp4,1,FakeVideo-RealAudio,Caucasian (European),men,id01126
FakeAVCeleb_v1.2,FakeAVCeleb_v1.2__FakeVideo-RealAudio__Caucasian (European)__men__id01126__00040_id00535_wavtolip.mp4,data\raw\FakeAVCeleb_v1.2\FakeVideo-RealAudio\Caucasian (European)\men\id01126\00040_id00535_wavtolip.mp4,1,FakeVideo-RealAudio,Caucasian (European),men,id01126
FakeAVCeleb_v1.2,FakeAVCeleb_v1.2__FakeVideo-RealAudio__Caucasian (European)__men__id01126__00040_id00554_wavtolip.mp4,data\raw\FakeAVCeleb_v1.2\FakeVideo-RealAudio\Caucasian (European)\men\id01126\00040_id00554_wavtolip.mp4,1,FakeVideo-RealAudio,Caucasian (European),men,id01126
FakeAVCeleb_v1.2,FakeAVCeleb_v1.2__FakeVideo-RealAudio__Caucasian (European)__men__id01126__00040_id00559_Y7ovoKuvL78.mp4,data\raw\FakeAVCeleb_v1.2\FakeVideo-RealAudio\Caucasian (European)\men\id01126\00040_id00559_Y7ovoKuvL78.mp4,1,FakeVideo-RealAudio,Caucasian (European),men,id01126
FakeAVCeleb_v1.2,FakeAVCeleb_v1.2__FakeVideo-RealAudio__Caucasian (European)__men__id01126__00040_id00594_wavtolip.mp4,data\raw\FakeAVCeleb_v1.2\FakeVideo-RealAudio\Caucasian (European)\men\id01126\00040_id00594_wavtolip.mp4,1,FakeVideo-RealAudio,Caucasian (European),men,id01126
FakeAVCeleb_v1.2,FakeAVCeleb_v1.2__FakeVideo-RealAudio__Caucasian (European)__men__id01126__00040_id00990_wavtolip.mp4,data\raw\FakeAVCeleb_v1.2\FakeVideo-RealAudio\Caucasian (European)\men\id01126\00040_id00990_wavtolip.mp4,1,FakeVideo-RealAudio,Caucasian (European),men,id01126
FakeAVCeleb_v1.2,FakeAVCeleb_v1.2__FakeVideo-RealAudio__Caucasian (European)__men__id01126__00040_id01099_ZpgbIKxzkrg.mp4,data\raw\FakeAVCeleb_v1.2\FakeVideo-RealAudio\Caucasian (European)\men\id01126\00040_id01099_ZpgbIKxzkrg.mp4,1,FakeVideo-RealAudio,Caucasian (European),men,id01126
FakeAVCeleb_v1.2,FakeAVCeleb_v1.2__FakeVideo-RealAudio__Caucasian (European)__men__id01126__00040_id01102_aGFUkdgmo3A.mp4,data\raw\FakeAVCeleb_v1.2\FakeVideo-RealAudio\Caucasian (European)\men\id01126\00040_id01102_aGFUkdgmo3A.mp4,1,FakeVideo-RealAudio,Caucasian (European),men,id01126
FakeAVCeleb_v1.2,FakeAVCeleb_v1.2__FakeVideo-RealAudio__Caucasian (European)__men__id01126__00040_id01102_wavtolip.mp4,data\raw\FakeAVCeleb_v1.2\FakeVideo-RealAudio\Caucasian (European)\men\id01126\00040_id01102_wavtolip.mp4,1,FakeVideo-RealAudio,Caucasian (European),men,id01126
FakeAVCeleb_v1.2,FakeAVCeleb_v1.2__FakeVideo-RealAudio__Caucasian (European)__men__id01126__00040_id01156_wavtolip.mp4,data\raw\FakeAVCeleb_v1.2\FakeVideo-RealAudio\Caucasian (European)\men\id01126\00040_id01156_wavtolip.mp4,1,FakeVideo-RealAudio,Caucasian (European),men,id01126
FakeAVCeleb_v1.2,FakeAVCeleb_v1.2__FakeVideo-RealAudio__Caucasian (European)__men__id01126__00040_id02567_4Ao5jgpSXdw.mp4,data\raw\FakeAVCeleb_v1.2\FakeVideo-RealAudio\Caucasian (European)\men\id01126\00040_id02567_4Ao5jgpSXdw.mp4,1,FakeVideo-RealAudio,Caucasian (European),men,id01126
FakeAVCeleb_v1.2,FakeAVCeleb_v1.2__FakeVideo-RealAudio__Caucasian (European)__men__id01126__00040_id03205_wavtolip.mp4,data\raw\FakeAVCeleb_v1.2\FakeVideo-RealAudio\Caucasian (European)\men\id01126\00040_id03205_wavtolip.mp4,1,FakeVideo-RealAudio,Caucasian (European),men,id01126
FakeAVCeleb_v1.2,FakeAVCeleb_v1.2__FakeVideo-RealAudio__Caucasian (European)__women__id00068__00004_0.mp4,data\raw\FakeAVCeleb_v1.2\FakeVideo-RealAudio\Caucasian (European)\women\id00068\00004_0.mp4,1,FakeVideo-RealAudio,Caucasian (European),women,id00068
FakeAVCeleb_v1.2,FakeAVCeleb_v1.2__FakeVideo-RealAudio__Caucasian (European)__women__id00068__00004_1.mp4,data\raw\FakeAVCeleb_v1.2\FakeVideo-RealAudio\Caucasian (European)\women\id00068\00004_1.mp4,1,FakeVideo-RealAudio,Caucasian (European),women,id00068
FakeAVCeleb_v1.2,FakeAVCeleb_v1.2__FakeVideo-RealAudio__Caucasian (European)__women__id00068__00004_2.mp4,data\raw\FakeAVCeleb_v1.2\FakeVideo-RealAudio\Caucasian (European)\women\id00068\00004_2.mp4,1,FakeVideo-RealAudio,Caucasian (European),women,id00068
FakeAVCeleb_v1.2,FakeAVCeleb_v1.2__FakeVideo-RealAudio__Caucasian (European)__women__id00068__00004_3.mp4,data\raw\FakeAVCeleb_v1.2\FakeVideo-RealAudio\Caucasian (European)\women\id00068\00004_3.mp4,1,FakeVideo-RealAudio,Caucasian (European),women,id00068
FakeAVCeleb_v1.2,FakeAVCeleb_v1.2__FakeVideo-RealAudio__Caucasian (European)__women__id00068__00004_id00068_wavtolip.mp4,data\raw\FakeAVCeleb_v1.2\FakeVideo-RealAudio\Caucasian (European)\women\id00068\00004_id00068_wavtolip.mp4,1,FakeVideo-RealAudio,Caucasian (European),women,id00068
FakeAVCeleb_v1.2,FakeAVCeleb_v1.2__FakeVideo-RealAudio__Caucasian (European)__women__id00068__00004_id00071_wavtolip.mp4,data\raw\FakeAVCeleb_v1.2\FakeVideo-RealAudio\Caucasian (European)\women\id00068\00004_id00071_wavtolip.mp4,1,FakeVideo-RealAudio,Caucasian (European),women,id00068
FakeAVCeleb_v1.2,FakeAVCeleb_v1.2__FakeVideo-RealAudio__Caucasian (European)__women__id00068__00004_id00232_kL0cCveU1zg.mp4,data\raw\FakeAVCeleb_v1.2\FakeVideo-RealAudio\Caucasian (European)\women\id00068\00004_id00232_kL0cCveU1zg.mp4,1,FakeVideo-RealAudio,Caucasian (European),women,id00068
FakeAVCeleb_v1.2,FakeAVCeleb_v1.2__FakeVideo-RealAudio__Caucasian (European)__women__id00068__00004_id00234_wavtolip.mp4,data\raw\FakeAVCeleb_v1.2\FakeVideo-RealAudio\Caucasian (European)\women\id00068\00004_id00234_wavtolip.mp4,1,FakeVideo-RealAudio,Caucasian (European),women,id00068
FakeAVCeleb_v1.2,FakeAVCeleb_v1.2__FakeVideo-RealAudio__Caucasian (European)__women__id00068__00004_id00262_wavtolip.mp4,data\raw\FakeAVCeleb_v1.2\FakeVideo-RealAudio\Caucasian (European)\women\id00068\00004_id00262_wavtolip.mp4,1,FakeVideo-RealAudio,Caucasian (European),women,id00068
FakeAVCeleb_v1.2,FakeAVCeleb_v1.2__FakeVideo-RealAudio__Caucasian (European)__women__id00068__00004_id00365_wavtolip.mp4,data\raw\FakeAVCeleb_v1.2\FakeVideo-RealAudio\Caucasian (European)\women\id00068\00004_id00365_wavtolip.mp4,1,FakeVideo-RealAudio,Caucasian (European),women,id00068
FakeAVCeleb_v1.2,FakeAVCeleb_v1.2__FakeVideo-RealAudio__Caucasian (European)__women__id00068__00004_id00365_XV-imLNJvfk.mp4,data\raw\FakeAVCeleb_v1.2\FakeVideo-RealAudio\Caucasian (European)\women\id00068\00004_id00365_XV-imLNJvfk.mp4,1,FakeVideo-RealAudio,Caucasian (European),women,id00068
FakeAVCeleb_v1.2,FakeAVCeleb_v1.2__FakeVideo-RealAudio__Caucasian (European)__women__id00068__00004_id00395_wM5kGJfTtEM.mp4,data\raw\FakeAVCeleb_v1.2\FakeVideo-RealAudio\Caucasian (European)\women\id00068\00004_id00395_wM5kGJfTtEM.mp4,1,FakeVideo-RealAudio,Caucasian (European),women,id00068
FakeAVCeleb_v1.2,FakeAVCeleb_v1.2__FakeVideo-RealAudio__Caucasian (European)__women__id00068__00004_id00484_u7YTz8eFZv0.mp4,data\raw\FakeAVCeleb_v1.2\FakeVideo-RealAudio\Caucasian (European)\women\id00068\00004_id00484_u7YTz8eFZv0.mp4,1,FakeVideo-RealAudio,Caucasian (European),women,id00068
FakeAVCeleb_v1.2,FakeAVCeleb_v1.2__FakeVideo-RealAudio__Caucasian (European)__women__id00068__00004_id00484_wavtolip.mp4,data\raw\FakeAVCeleb_v1.2\FakeVideo-RealAudio\Caucasian (European)\women\id00068\00004_id00484_wavtolip.mp4,1,FakeVideo-RealAudio,Caucasian (European),women,id00068
FakeAVCeleb_v1.2,FakeAVCeleb_v1.2__FakeVideo-RealAudio__Caucasian (European)__women__id00068__00004_id00495_E46aiMUC4A0.mp4,data\raw\FakeAVCeleb_v1.2\FakeVideo-RealAudio\Caucasian (European)\women\id00068\00004_id00495_E46aiMUC4A0.mp4,1,FakeVideo-RealAudio,Caucasian (European),women,id00068
FakeAVCeleb_v1.2,FakeAVCeleb_v1.2__FakeVideo-RealAudio__Caucasian (European)__women__id00068__00004_id00495_E46aiMUC4A0_faceswap.mp4,data\raw\FakeAVCeleb_v1.2\FakeVideo-RealAudio\Caucasian (European)\women\id00068\00004_id00495_E46aiMUC4A0_faceswap.mp4,1,FakeVideo-RealAudio,Caucasian (European),women,id00068
FakeAVCeleb_v1.2,FakeAVCeleb_v1.2__FakeVideo-RealAudio__Caucasian (European)__women__id00068__00004_id00496_wavtolip.mp4,data\raw\FakeAVCeleb_v1.2\FakeVideo-RealAudio\Caucasian (European)\women\id00068\00004_id00496_wavtolip.mp4,1,FakeVideo-RealAudio,Caucasian (European),women,id00068
FakeAVCeleb_v1.2,FakeAVCeleb_v1.2__FakeVideo-RealAudio__Caucasian (European)__women__id00068__00004_id00581_7AxvP19LGKg.mp4,data\raw\FakeAVCeleb_v1.2\FakeVideo-RealAudio\Caucasian (European)\women\id00068\00004_id00581_7AxvP19LGKg.mp4,1,FakeVideo-RealAudio,Caucasian (European),women,id00068
FakeAVCeleb_v1.2,FakeAVCeleb_v1.2__FakeVideo-RealAudio__Caucasian (European)__women__id00068__00004_id00591_wavtolip.mp4,data\raw\FakeAVCeleb_v1.2\FakeVideo-RealAudio\Caucasian (European)\women\id00068\00004_id00591_wavtolip.mp4,1,FakeVideo-RealAudio,Caucasian (European),women,id00068
FakeAVCeleb_v1.2,FakeAVCeleb_v1.2__FakeVideo-RealAudio__Caucasian (European)__women__id00068__00004_id00826_MYagwzy91Yk.mp4,data\raw\FakeAVCeleb_v1.2\FakeVideo-RealAudio\Caucasian (European)\women\id00068\00004_id00826_MYagwzy91Yk.mp4,1,FakeVideo-RealAudio,Caucasian (European),women,id00068
FakeAVCeleb_v1.2,FakeAVCeleb_v1.2__FakeVideo-RealAudio__Caucasian (European)__women__id00068__00004_id03371_truKMXt8Dak.mp4,data\raw\FakeAVCeleb_v1.2\FakeVideo-RealAudio\Caucasian (European)\women\id00068\00004_id03371_truKMXt8Dak.mp4,1,FakeVideo-RealAudio,Caucasian (European),women,id00068
FakeAVCeleb_v1.2,FakeAVCeleb_v1.2__FakeVideo-RealAudio__Caucasian (European)__women__id00068__00004_id03589_9NxOQlwpMys.mp4,data\raw\FakeAVCeleb_v1.2\FakeVideo-RealAudio\Caucasian (European)\women\id00068\00004_id03589_9NxOQlwpMys.mp4,1,FakeVideo-RealAudio,Caucasian (European),women,id00068
FakeAVCeleb_v1.2,FakeAVCeleb_v1.2__FakeVideo-RealAudio__Caucasian (European)__women__id00068__00004_id03589_wavtolip.mp4,data\raw\FakeAVCeleb_v1.2\FakeVideo-RealAudio\Caucasian (European)\women\id00068\00004_id03589_wavtolip.mp4,1,FakeVideo-RealAudio,Caucasian (European),women,id00068
FakeAVCeleb_v1.2,FakeAVCeleb_v1.2__FakeVideo-RealAudio__Caucasian (European)__women__id00068__00004_id03716_wavtolip.mp4,data\raw\FakeAVCeleb_v1.2\FakeVideo-RealAudio\Caucasian (European)\women\id00068\00004_id03716_wavtolip.mp4,1,FakeVideo-RealAudio,Caucasian (European),women,id00068
FakeAVCeleb_v1.2,FakeAVCeleb_v1.2__FakeVideo-RealAudio__Caucasian (European)__women__id00068__00004_id03844_AEAEN1Lns2c.mp4,data\raw\FakeAVCeleb_v1.2\FakeVideo-RealAudio\Caucasian (European)\women\id00068\00004_id03844_AEAEN1Lns2c.mp4,1,FakeVideo-RealAudio,Caucasian (European),women,id00068
FakeAVCeleb_v1.2,FakeAVCeleb_v1.2__FakeVideo-RealAudio__Caucasian (European)__women__id00330__00118_id00262_wavtolip.mp4,data\raw\FakeAVCeleb_v1.2\FakeVideo-RealAudio\Caucasian (European)\women\id00330\00118_id00262_wavtolip.mp4,1,FakeVideo-RealAudio,Caucasian (European),women,id00330
FakeAVCeleb_v1.2,FakeAVCeleb_v1.2__FakeVideo-RealAudio__Caucasian (European)__women__id00330__00118_id00332__zNddcZV1EU.mp4,data\raw\FakeAVCeleb_v1.2\FakeVideo-RealAudio\Caucasian (European)\women\id00330\00118_id00332__zNddcZV1EU.mp4,1,FakeVideo-RealAudio,Caucasian (European),women,id00330
FakeAVCeleb_v1.2,FakeAVCeleb_v1.2__FakeVideo-RealAudio__Caucasian (European)__women__id00330__00118_id00365_XV-imLNJvfk.mp4,data\raw\FakeAVCeleb_v1.2\FakeVideo-RealAudio\Caucasian (European)\women\id00330\00118_id00365_XV-imLNJvfk.mp4,1,FakeVideo-RealAudio,Caucasian (European),women,id00330
FakeAVCeleb_v1.2,FakeAVCeleb_v1.2__FakeVideo-RealAudio__Caucasian (European)__women__id00330__00118_id00365_XV-imLNJvfk_faceswap.mp4,data\raw\FakeAVCeleb_v1.2\FakeVideo-RealAudio\Caucasian (European)\women\id00330\00118_id00365_XV-imLNJvfk_faceswap.mp4,1,FakeVideo-RealAudio,Caucasian (European),women,id00330
FakeAVCeleb_v1.2,FakeAVCeleb_v1.2__FakeVideo-RealAudio__Caucasian (European)__women__id00330__00118_id00374_w1qI7y9AGTc.mp4,data\raw\FakeAVCeleb_v1.2\FakeVideo-RealAudio\Caucasian (European)\women\id00330\00118_id00374_w1qI7y9AGTc.mp4,1,FakeVideo-RealAudio,Caucasian (European),women,id00330
FakeAVCeleb_v1.2,FakeAVCeleb_v1.2__FakeVideo-RealAudio__Caucasian (European)__women__id00330__00118_id00395_wavtolip.mp4,data\raw\FakeAVCeleb_v1.2\FakeVideo-RealAudio\Caucasian (European)\women\id00330\00118_id00395_wavtolip.mp4,1,FakeVideo-RealAudio,Caucasian (European),women,id00330
FakeAVCeleb_v1.2,FakeAVCeleb_v1.2__FakeVideo-RealAudio__Caucasian (European)__women__id00330__00118_id00434_HPXkk-HGXVI.mp4,data\raw\FakeAVCeleb_v1.2\FakeVideo-RealAudio\Caucasian (European)\women\id00330\00118_id00434_HPXkk-HGXVI.mp4,1,FakeVideo-RealAudio,Caucasian (European),women,id00330
FakeAVCeleb_v1.2,FakeAVCeleb_v1.2__FakeVideo-RealAudio__Caucasian (European)__women__id00330__00118_id00491_ShjiTWoOtM4.mp4,data\raw\FakeAVCeleb_v1.2\FakeVideo-RealAudio\Caucasian (European)\women\id00330\00118_id00491_ShjiTWoOtM4.mp4,1,FakeVideo-RealAudio,Caucasian (European),women,id00330
FakeAVCeleb_v1.2,FakeAVCeleb_v1.2__FakeVideo-RealAudio__Caucasian (European)__women__id00330__00118_id00491_wavtolip.mp4,data\raw\FakeAVCeleb_v1.2\FakeVideo-RealAudio\Caucasian (European)\women\id00330\00118_id00491_wavtolip.mp4,1,FakeVideo-RealAudio,Caucasian (European),women,id00330
FakeAVCeleb_v1.2,FakeAVCeleb_v1.2__FakeVideo-RealAudio__Caucasian (European)__women__id00330__00118_id00581_7AxvP19LGKg.mp4,data\raw\FakeAVCeleb_v1.2\FakeVideo-RealAudio\Caucasian (European)\women\id00330\00118_id00581_7AxvP19LGKg.mp4,1,FakeVideo-RealAudio,Caucasian (European),women,id00330
FakeAVCeleb_v1.2,FakeAVCeleb_v1.2__FakeVideo-RealAudio__Caucasian (European)__women__id00330__00118_id00591_wavtolip.mp4,data\raw\FakeAVCeleb_v1.2\FakeVideo-RealAudio\Caucasian (European)\women\id00330\00118_id00591_wavtolip.mp4,1,FakeVideo-RealAudio,Caucasian (European),women,id00330
FakeAVCeleb_v1.2,FakeAVCeleb_v1.2__FakeVideo-RealAudio__Caucasian (European)__women__id00330__00118_id00633_wavtolip.mp4,data\raw\FakeAVCeleb_v1.2\FakeVideo-RealAudio\Caucasian (European)\women\id00330\00118_id00633_wavtolip.mp4,1,FakeVideo-RealAudio,Caucasian (European),women,id00330
FakeAVCeleb_v1.2,FakeAVCeleb_v1.2__FakeVideo-RealAudio__Caucasian (European)__women__id00330__00118_id00806_wavtolip.mp4,data\raw\FakeAVCeleb_v1.2\FakeVideo-RealAudio\Caucasian (European)\women\id00330\00118_id00806_wavtolip.mp4,1,FakeVideo-RealAudio,Caucasian (European),women,id00330
FakeAVCeleb_v1.2,FakeAVCeleb_v1.2__FakeVideo-RealAudio__Caucasian (European)__women__id00330__00118_id00823_KgExwCvgrUk.mp4,data\raw\FakeAVCeleb_v1.2\FakeVideo-RealAudio\Caucasian (European)\women\id00330\00118_id00823_KgExwCvgrUk.mp4,1,FakeVideo-RealAudio,Caucasian (European),women,id00330
FakeAVCeleb_v1.2,FakeAVCeleb_v1.2__FakeVideo-RealAudio__Caucasian (European)__women__id00330__00118_id00897_0ayFw8JhoyI.mp4,data\raw\FakeAVCeleb_v1.2\FakeVideo-RealAudio\Caucasian (European)\women\id00330\00118_id00897_0ayFw8JhoyI.mp4,1,FakeVideo-RealAudio,Caucasian (European),women,id00330
FakeAVCeleb_v1.2,FakeAVCeleb_v1.2__FakeVideo-RealAudio__Caucasian (European)__women__id00330__00118_id01001_wavtolip.mp4,data\raw\FakeAVCeleb_v1.2\FakeVideo-RealAudio\Caucasian (European)\women\id00330\00118_id01001_wavtolip.mp4,1,FakeVideo-RealAudio,Caucasian (European),women,id00330
FakeAVCeleb_v1.2,FakeAVCeleb_v1.2__FakeVideo-RealAudio__Caucasian (European)__women__id00330__00118_id01002_wavtolip.mp4,data\raw\FakeAVCeleb_v1.2\FakeVideo-RealAudio\Caucasian (European)\women\id00330\00118_id01002_wavtolip.mp4,1,FakeVideo-RealAudio,Caucasian (European),women,id00330
FakeAVCeleb_v1.2,FakeAVCeleb_v1.2__FakeVideo-RealAudio__Caucasian (European)__women__id00330__00118_id01018_wavtolip.mp4,data\raw\FakeAVCeleb_v1.2\FakeVideo-RealAudio\Caucasian (European)\women\id00330\00118_id01018_wavtolip.mp4,1,FakeVideo-RealAudio,Caucasian (European),women,id00330
FakeAVCeleb_v1.2,FakeAVCeleb_v1.2__FakeVideo-RealAudio__Caucasian (European)__women__id00330__00118_id03371_truKMXt8Dak.mp4,data\raw\FakeAVCeleb_v1.2\FakeVideo-RealAudio\Caucasian (European)\women\id00330\00118_id03371_truKMXt8Dak.mp4,1,FakeVideo-RealAudio,Caucasian (European),women,id00330
FakeAVCeleb_v1.2,FakeAVCeleb_v1.2__FakeVideo-RealAudio__Caucasian (European)__women__id00330__00118_id03844_AEAEN1Lns2c.mp4,data\raw\FakeAVCeleb_v1.2\FakeVideo-RealAudio\Caucasian (European)\women\id00330\00118_id03844_AEAEN1Lns2c.mp4,1,FakeVideo-RealAudio,Caucasian (European),women,id00330
FakeAVCeleb_v1.2,FakeAVCeleb_v1.2__FakeVideo-RealAudio__Caucasian (European)__women__id00330__00118_id03844_wavtolip.mp4,data\raw\FakeAVCeleb_v1.2\FakeVideo-RealAudio\Caucasian (European)\women\id00330\00118_id03844_wavtolip.mp4,1,FakeVideo-RealAudio,Caucasian (European),women,id00330
FakeAVCeleb_v1.2,FakeAVCeleb_v1.2__FakeVideo-RealAudio__Caucasian (European)__women__id00491__00122_id00188_e-vm5FB3idA.mp4,data\raw\FakeAVCeleb_v1.2\FakeVideo-RealAudio\Caucasian (European)\women\id00491\00122_id00188_e-vm5FB3idA.mp4,1,FakeVideo-RealAudio,Caucasian (European),women,id00491
FakeAVCeleb_v1.2,FakeAVCeleb_v1.2__FakeVideo-RealAudio__Caucasian (European)__women__id00491__00122_id00234_M3g5KRLJB60.mp4,data\raw\FakeAVCeleb_v1.2\FakeVideo-RealAudio\Caucasian (European)\women\id00491\00122_id00234_M3g5KRLJB60.mp4,1,FakeVideo-RealAudio,Caucasian (European),women,id00491
FakeAVCeleb_v1.2,FakeAVCeleb_v1.2__FakeVideo-RealAudio__Caucasian (European)__women__id00491__00122_id00262_wavtolip.mp4,data\raw\FakeAVCeleb_v1.2\FakeVideo-RealAudio\Caucasian (European)\women\id00491\00122_id00262_wavtolip.mp4,1,FakeVideo-RealAudio,Caucasian (European),women,id00491
FakeAVCeleb_v1.2,FakeAVCeleb_v1.2__FakeVideo-RealAudio__Caucasian (European)__women__id00491__00122_id00330_zCFFgGSIZ_s.mp4,data\raw\FakeAVCeleb_v1.2\FakeVideo-RealAudio\Caucasian (European)\women\id00491\00122_id00330_zCFFgGSIZ_s.mp4,1,FakeVideo-RealAudio,Caucasian (European),women,id00491
FakeAVCeleb_v1.2,FakeAVCeleb_v1.2__FakeVideo-RealAudio__Caucasian (European)__women__id00491__00122_id00373_wavtolip.mp4,data\raw\FakeAVCeleb_v1.2\FakeVideo-RealAudio\Caucasian (European)\women\id00491\00122_id00373_wavtolip.mp4,1,FakeVideo-RealAudio,Caucasian (European),women,id00491
FakeAVCeleb_v1.2,FakeAVCeleb_v1.2__FakeVideo-RealAudio__Caucasian (European)__women__id00491__00122_id00495_wavtolip.mp4,data\raw\FakeAVCeleb_v1.2\FakeVideo-RealAudio\Caucasian (European)\women\id00491\00122_id00495_wavtolip.mp4,1,FakeVideo-RealAudio,Caucasian (European),women,id00491
FakeAVCeleb_v1.2,FakeAVCeleb_v1.2__FakeVideo-RealAudio__Caucasian (European)__women__id00491__00122_id00496_wavtolip.mp4,data\raw\FakeAVCeleb_v1.2\FakeVideo-RealAudio\Caucasian (European)\women\id00491\00122_id00496_wavtolip.mp4,1,FakeVideo-RealAudio,Caucasian (European),women,id00491
FakeAVCeleb_v1.2,FakeAVCeleb_v1.2__FakeVideo-RealAudio__Caucasian (European)__women__id00491__00122_id00569_gSynmpwioV4.mp4,data\raw\FakeAVCeleb_v1.2\FakeVideo-RealAudio\Caucasian (European)\women\id00491\00122_id00569_gSynmpwioV4.mp4,1,FakeVideo-RealAudio,Caucasian (European),women,id00491
FakeAVCeleb_v1.2,FakeAVCeleb_v1.2__FakeVideo-RealAudio__Caucasian (European)__women__id00491__00122_id00589_wavtolip.mp4,data\raw\FakeAVCeleb_v1.2\FakeVideo-RealAudio\Caucasian (European)\women\id00491\00122_id00589_wavtolip.mp4,1,FakeVideo-RealAudio,Caucasian (European),women,id00491
FakeAVCeleb_v1.2,FakeAVCeleb_v1.2__FakeVideo-RealAudio__Caucasian (European)__women__id00491__00122_id00591_1Jo8xElXQMs.mp4,data\raw\FakeAVCeleb_v1.2\FakeVideo-RealAudio\Caucasian (European)\women\id00491\00122_id00591_1Jo8xElXQMs.mp4,1,FakeVideo-RealAudio,Caucasian (European),women,id00491
FakeAVCeleb_v1.2,FakeAVCeleb_v1.2__FakeVideo-RealAudio__Caucasian (European)__women__id00491__00122_id00633_UXrTMta1EDM.mp4,data\raw\FakeAVCeleb_v1.2\FakeVideo-RealAudio\Caucasian (European)\women\id00491\00122_id00633_UXrTMta1EDM.mp4,1,FakeVideo-RealAudio,Caucasian (European),women,id00491
FakeAVCeleb_v1.2,FakeAVCeleb_v1.2__FakeVideo-RealAudio__Caucasian (European)__women__id00491__00122_id00633_UXrTMta1EDM_faceswap.mp4,data\raw\FakeAVCeleb_v1.2\FakeVideo-RealAudio\Caucasian (European)\women\id00491\00122_id00633_UXrTMta1EDM_faceswap.mp4,1,FakeVideo-RealAudio,Caucasian (European),women,id00491
FakeAVCeleb_v1.2,FakeAVCeleb_v1.2__FakeVideo-RealAudio__Caucasian (European)__women__id00491__00122_id01002_eQTviHjyISo.mp4,data\raw\FakeAVCeleb_v1.2\FakeVideo-RealAudio\Caucasian (European)\women\id00491\00122_id01002_eQTviHjyISo.mp4,1,FakeVideo-RealAudio,Caucasian (European),women,id00491
FakeAVCeleb_v1.2,FakeAVCeleb_v1.2__FakeVideo-RealAudio__Caucasian (European)__women__id00491__00122_id01002_wavtolip.mp4,data\raw\FakeAVCeleb_v1.2\FakeVideo-RealAudio\Caucasian (European)\women\id00491\00122_id01002_wavtolip.mp4,1,FakeVideo-RealAudio,Caucasian (European),women,id00491
FakeAVCeleb_v1.2,FakeAVCeleb_v1.2__FakeVideo-RealAudio__Caucasian (European)__women__id00491__00122_id01018_VNPt_GB5QiE.mp4,data\raw\FakeAVCeleb_v1.2\FakeVideo-RealAudio\Caucasian (European)\women\id00491\00122_id01018_VNPt_GB5QiE.mp4,1,FakeVideo-RealAudio,Caucasian (European),women,id00491
FakeAVCeleb_v1.2,FakeAVCeleb_v1.2__FakeVideo-RealAudio__Caucasian (European)__women__id00491__00122_id03371_truKMXt8Dak.mp4,data\raw\FakeAVCeleb_v1.2\FakeVideo-RealAudio\Caucasian (European)\women\id00491\00122_id03371_truKMXt8Dak.mp4,1,FakeVideo-RealAudio,Caucasian (European),women,id00491
FakeAVCeleb_v1.2,FakeAVCeleb_v1.2__FakeVideo-RealAudio__Caucasian (European)__women__id00491__00122_id03371_wavtolip.mp4,data\raw\FakeAVCeleb_v1.2\FakeVideo-RealAudio\Caucasian (European)\women\id00491\00122_id03371_wavtolip.mp4,1,FakeVideo-RealAudio,Caucasian (European),women,id00491
FakeAVCeleb_v1.2,FakeAVCeleb_v1.2__FakeVideo-RealAudio__Caucasian (European)__women__id00491__00122_id03589_wavtolip.mp4,data\raw\FakeAVCeleb_v1.2\FakeVideo-RealAudio\Caucasian (European)\women\id00491\00122_id03589_wavtolip.mp4,1,FakeVideo-RealAudio,Caucasian (European),women,id00491
FakeAVCeleb_v1.2,FakeAVCeleb_v1.2__FakeVideo-RealAudio__Caucasian (European)__women__id00491__00122_id03651_wavtolip.mp4,data\raw\FakeAVCeleb_v1.2\FakeVideo-RealAudio\Caucasian (European)\women\id00491\00122_id03651_wavtolip.mp4,1,FakeVideo-RealAudio,Caucasian (European),women,id00491
FakeAVCeleb_v1.2,FakeAVCeleb_v1.2__FakeVideo-RealAudio__Caucasian (European)__women__id00491__00122_id03844_wavtolip.mp4,data\raw\FakeAVCeleb_v1.2\FakeVideo-RealAudio\Caucasian (European)\women\id00491\00122_id03844_wavtolip.mp4,1,FakeVideo-RealAudio,Caucasian (European),women,id00491
FakeAVCeleb_v1.2,FakeAVCeleb_v1.2__FakeVideo-RealAudio__Caucasian (European)__women__id00491__00122_id03858_uKVqPfRf-ac.mp4,data\raw\FakeAVCeleb_v1.2\FakeVideo-RealAudio\Caucasian (European)\women\id00491\00122_id03858_uKVqPfRf-ac.mp4,1,FakeVideo-RealAudio,Caucasian (European),women,id00491
FakeAVCeleb_v1.2,FakeAVCeleb_v1.2__FakeVideo-RealAudio__Caucasian (European)__women__id00495__00027_0.mp4,data\raw\FakeAVCeleb_v1.2\FakeVideo-RealAudio\Caucasian (European)\women\id00495\00027_0.mp4,1,FakeVideo-RealAudio,Caucasian (European),women,id00495
FakeAVCeleb_v1.2,FakeAVCeleb_v1.2__FakeVideo-RealAudio__Caucasian (European)__women__id00495__00027_id00068_A7uFnQw--bY.mp4,data\raw\FakeAVCeleb_v1.2\FakeVideo-RealAudio\Caucasian (European)\women\id00495\00027_id00068_A7uFnQw--bY.mp4,1,FakeVideo-RealAudio,Caucasian (European),women,id00495
FakeAVCeleb_v1.2,FakeAVCeleb_v1.2__FakeVideo-RealAudio__Caucasian (European)__women__id00495__00027_id00232_wavtolip.mp4,data\raw\FakeAVCeleb_v1.2\FakeVideo-RealAudio\Caucasian (European)\women\id00495\00027_id00232_wavtolip.mp4,1,FakeVideo-RealAudio,Caucasian (European),women,id00495
FakeAVCeleb_v1.2,FakeAVCeleb_v1.2__FakeVideo-RealAudio__Caucasian (European)__women__id00495__00027_id00262_3p7sRWAAh1Q.mp4,data\raw\FakeAVCeleb_v1.2\FakeVideo-RealAudio\Caucasian (European)\women\id00495\00027_id00262_3p7sRWAAh1Q.mp4,1,FakeVideo-RealAudio,Caucasian (European),women,id00495
FakeAVCeleb_v1.2,FakeAVCeleb_v1.2__FakeVideo-RealAudio__Caucasian (European)__women__id00495__00027_id00271_je6JSLqEEcw.mp4,data\raw\FakeAVCeleb_v1.2\FakeVideo-RealAudio\Caucasian (European)\women\id00495\00027_id00271_je6JSLqEEcw.mp4,1,FakeVideo-RealAudio,Caucasian (European),women,id00495
FakeAVCeleb_v1.2,FakeAVCeleb_v1.2__FakeVideo-RealAudio__Caucasian (European)__women__id00495__00027_id00328_wavtolip.mp4,data\raw\FakeAVCeleb_v1.2\FakeVideo-RealAudio\Caucasian (European)\women\id00495\00027_id00328_wavtolip.mp4,1,FakeVideo-RealAudio,Caucasian (European),women,id00495
FakeAVCeleb_v1.2,FakeAVCeleb_v1.2__FakeVideo-RealAudio__Caucasian (European)__women__id00495__00027_id00374_wavtolip.mp4,data\raw\FakeAVCeleb_v1.2\FakeVideo-RealAudio\Caucasian (European)\women\id00495\00027_id00374_wavtolip.mp4,1,FakeVideo-RealAudio,Caucasian (European),women,id00495
FakeAVCeleb_v1.2,FakeAVCeleb_v1.2__FakeVideo-RealAudio__Caucasian (European)__women__id00495__00027_id00395_wM5kGJfTtEM.mp4,data\raw\FakeAVCeleb_v1.2\FakeVideo-RealAudio\Caucasian (European)\women\id00495\00027_id00395_wM5kGJfTtEM.mp4,1,FakeVideo-RealAudio,Caucasian (European),women,id00495
FakeAVCeleb_v1.2,FakeAVCeleb_v1.2__FakeVideo-RealAudio__Caucasian (European)__women__id00495__00027_id00395_wM5kGJfTtEM_faceswap.mp4,data\raw\FakeAVCeleb_v1.2\FakeVideo-RealAudio\Caucasian (European)\women\id00495\00027_id00395_wM5kGJfTtEM_faceswap.mp4,1,FakeVideo-RealAudio,Caucasian (European),women,id00495
FakeAVCeleb_v1.2,FakeAVCeleb_v1.2__FakeVideo-RealAudio__Caucasian (European)__women__id00495__00027_id00403_wavtolip.mp4,data\raw\FakeAVCeleb_v1.2\FakeVideo-RealAudio\Caucasian (European)\women\id00495\00027_id00403_wavtolip.mp4,1,FakeVideo-RealAudio,Caucasian (European),women,id00495
FakeAVCeleb_v1.2,FakeAVCeleb_v1.2__FakeVideo-RealAudio__Caucasian (European)__women__id00495__00027_id00484_u7YTz8eFZv0.mp4,data\raw\FakeAVCeleb_v1.2\FakeVideo-RealAudio\Caucasian (European)\women\id00495\00027_id00484_u7YTz8eFZv0.mp4,1,FakeVideo-RealAudio,Caucasian (European),women,id00495
FakeAVCeleb_v1.2,FakeAVCeleb_v1.2__FakeVideo-RealAudio__Caucasian (European)__women__id00495__00027_id00496_wavtolip.mp4,data\raw\FakeAVCeleb_v1.2\FakeVideo-RealAudio\Caucasian (European)\women\id00495\00027_id00496_wavtolip.mp4,1,FakeVideo-RealAudio,Caucasian (European),women,id00495
FakeAVCeleb_v1.2,FakeAVCeleb_v1.2__FakeVideo-RealAudio__Caucasian (European)__women__id00495__00027_id00569_wavtolip.mp4,data\raw\FakeAVCeleb_v1.2\FakeVideo-RealAudio\Caucasian (European)\women\id00495\00027_id00569_wavtolip.mp4,1,FakeVideo-RealAudio,Caucasian (European),women,id00495
FakeAVCeleb_v1.2,FakeAVCeleb_v1.2__FakeVideo-RealAudio__Caucasian (European)__women__id00495__00027_id00581_7AxvP19LGKg.mp4,data\raw\FakeAVCeleb_v1.2\FakeVideo-RealAudio\Caucasian (European)\women\id00495\00027_id00581_7AxvP19LGKg.mp4,1,FakeVideo-RealAudio,Caucasian (European),women,id00495
FakeAVCeleb_v1.2,FakeAVCeleb_v1.2__FakeVideo-RealAudio__Caucasian (European)__women__id00495__00027_id00581_wavtolip.mp4,data\raw\FakeAVCeleb_v1.2\FakeVideo-RealAudio\Caucasian (European)\women\id00495\00027_id00581_wavtolip.mp4,1,FakeVideo-RealAudio,Caucasian (European),women,id00495
FakeAVCeleb_v1.2,FakeAVCeleb_v1.2__FakeVideo-RealAudio__Caucasian (European)__women__id00495__00027_id00634_z5t9oJizDQg.mp4,data\raw\FakeAVCeleb_v1.2\FakeVideo-RealAudio\Caucasian (European)\women\id00495\00027_id00634_z5t9oJizDQg.mp4,1,FakeVideo-RealAudio,Caucasian (European),women,id00495
FakeAVCeleb_v1.2,FakeAVCeleb_v1.2__FakeVideo-RealAudio__Caucasian (European)__women__id00495__00027_id00806_wavtolip.mp4,data\raw\FakeAVCeleb_v1.2\FakeVideo-RealAudio\Caucasian (European)\women\id00495\00027_id00806_wavtolip.mp4,1,FakeVideo-RealAudio,Caucasian (European),women,id00495
FakeAVCeleb_v1.2,FakeAVCeleb_v1.2__FakeVideo-RealAudio__Caucasian (European)__women__id00495__00027_id03589_9NxOQlwpMys.mp4,data\raw\FakeAVCeleb_v1.2\FakeVideo-RealAudio\Caucasian (European)\women\id00495\00027_id03589_9NxOQlwpMys.mp4,1,FakeVideo-RealAudio,Caucasian (European),women,id00495
FakeAVCeleb_v1.2,FakeAVCeleb_v1.2__FakeVideo-RealAudio__Caucasian (European)__women__id00495__00027_id03620_wavtolip.mp4,data\raw\FakeAVCeleb_v1.2\FakeVideo-RealAudio\Caucasian (European)\women\id00495\00027_id03620_wavtolip.mp4,1,FakeVideo-RealAudio,Caucasian (European),women,id00495
FakeAVCeleb_v1.2,FakeAVCeleb_v1.2__FakeVideo-RealAudio__Caucasian (European)__women__id00495__00027_id03858_uKVqPfRf-ac.mp4,data\raw\FakeAVCeleb_v1.2\FakeVideo-RealAudio\Caucasian (European)\women\id00495\00027_id03858_uKVqPfRf-ac.mp4,1,FakeVideo-RealAudio,Caucasian (European),women,id00495
FakeAVCeleb_v1.2,FakeAVCeleb_v1.2__FakeVideo-RealAudio__Caucasian (European)__women__id00495__00027_id03858_wavtolip.mp4,data\raw\FakeAVCeleb_v1.2\FakeVideo-RealAudio\Caucasian (European)\women\id00495\00027_id03858_wavtolip.mp4,1,FakeVideo-RealAudio,Caucasian (European),women,id00495
FakeAVCeleb_v1.2,FakeAVCeleb_v1.2__FakeVideo-RealAudio__Caucasian (European)__women__id00495__00027_id03941_SsYtP8Ze88Q.mp4,data\raw\FakeAVCeleb_v1.2\FakeVideo-RealAudio\Caucasian (European)\women\id00495\00027_id03941_SsYtP8Ze88Q.mp4,1,FakeVideo-RealAudio,Caucasian (European),women,id00495
FakeAVCeleb_v1.2,FakeAVCeleb_v1.2__FakeVideo-RealAudio__Caucasian (European)__women__id00496__00015_id00262_3p7sRWAAh1Q.mp4,data\raw\FakeAVCeleb_v1.2\FakeVideo-RealAudio\Caucasian (European)\women\id00496\00015_id00262_3p7sRWAAh1Q.mp4,1,FakeVideo-RealAudio,Caucasian (European),women,id00496
FakeAVCeleb_v1.2,FakeAVCeleb_v1.2__FakeVideo-RealAudio__Caucasian (European)__women__id00496__00015_id00262_3p7sRWAAh1Q_faceswap.mp4,data\raw\FakeAVCeleb_v1.2\FakeVideo-RealAudio\Caucasian (European)\women\id00496\00015_id00262_3p7sRWAAh1Q_faceswap.mp4,1,FakeVideo-RealAudio,Caucasian (European),women,id00496
FakeAVCeleb_v1.2,FakeAVCeleb_v1.2__FakeVideo-RealAudio__Caucasian (European)__women__id00496__00015_id00270_wavtolip.mp4,data\raw\FakeAVCeleb_v1.2\FakeVideo-RealAudio\Caucasian (European)\women\id00496\00015_id00270_wavtolip.mp4,1,FakeVideo-RealAudio,Caucasian (European),women,id00496
FakeAVCeleb_v1.2,FakeAVCeleb_v1.2__FakeVideo-RealAudio__Caucasian (European)__women__id00496__00015_id00287_2NpfYjyMsPM.mp4,data\raw\FakeAVCeleb_v1.2\FakeVideo-RealAudio\Caucasian (European)\women\id00496\00015_id00287_2NpfYjyMsPM.mp4,1,FakeVideo-RealAudio,Caucasian (European),women,id00496
FakeAVCeleb_v1.2,FakeAVCeleb_v1.2__FakeVideo-RealAudio__Caucasian (European)__women__id00496__00015_id00287_wavtolip.mp4,data\raw\FakeAVCeleb_v1.2\FakeVideo-RealAudio\Caucasian (European)\women\id00496\00015_id00287_wavtolip.mp4,1,FakeVideo-RealAudio,Caucasian (European),women,id00496
FakeAVCeleb_v1.2,FakeAVCeleb_v1.2__FakeVideo-RealAudio__Caucasian (European)__women__id00496__00015_id00373_5NXv3Dxkd6E.mp4,data\raw\FakeAVCeleb_v1.2\FakeVideo-RealAudio\Caucasian (European)\women\id00496\00015_id00373_5NXv3Dxkd6E.mp4,1,FakeVideo-RealAudio,Caucasian (European),women,id00496
FakeAVCeleb_v1.2,FakeAVCeleb_v1.2__FakeVideo-RealAudio__Caucasian (European)__women__id00496__00015_id00434_wavtolip.mp4,data\raw\FakeAVCeleb_v1.2\FakeVideo-RealAudio\Caucasian (European)\women\id00496\00015_id00434_wavtolip.mp4,1,FakeVideo-RealAudio,Caucasian (European),women,id00496
FakeAVCeleb_v1.2,FakeAVCeleb_v1.2__FakeVideo-RealAudio__Caucasian (European)__women__id00496__00015_id00569_gSynmpwioV4.mp4,data\raw\FakeAVCeleb_v1.2\FakeVideo-RealAudio\Caucasian (European)\women\id00496\00015_id00569_gSynmpwioV4.mp4,1,FakeVideo-RealAudio,Caucasian (European),women,id00496
FakeAVCeleb_v1.2,FakeAVCeleb_v1.2__FakeVideo-RealAudio__Caucasian (European)__women__id00496__00015_id00589_wavtolip.mp4,data\raw\FakeAVCeleb_v1.2\FakeVideo-RealAudio\Caucasian (European)\women\id00496\00015_id00589_wavtolip.mp4,1,FakeVideo-RealAudio,Caucasian (European),women,id00496
FakeAVCeleb_v1.2,FakeAVCeleb_v1.2__FakeVideo-RealAudio__Caucasian (European)__women__id00496__00015_id00633_wavtolip.mp4,data\raw\FakeAVCeleb_v1.2\FakeVideo-RealAudio\Caucasian (European)\women\id00496\00015_id00633_wavtolip.mp4,1,FakeVideo-RealAudio,Caucasian (European),women,id00496
FakeAVCeleb_v1.2,FakeAVCeleb_v1.2__FakeVideo-RealAudio__Caucasian (European)__women__id00496__00015_id00634_wavtolip.mp4,data\raw\FakeAVCeleb_v1.2\FakeVideo-RealAudio\Caucasian (European)\women\id00496\00015_id00634_wavtolip.mp4,1,FakeVideo-RealAudio,Caucasian (European),women,id00496
FakeAVCeleb_v1.2,FakeAVCeleb_v1.2__FakeVideo-RealAudio__Caucasian (European)__women__id00496__00015_id00735_wavtolip.mp4,data\raw\FakeAVCeleb_v1.2\FakeVideo-RealAudio\Caucasian (European)\women\id00496\00015_id00735_wavtolip.mp4,1,FakeVideo-RealAudio,Caucasian (European),women,id00496
FakeAVCeleb_v1.2,FakeAVCeleb_v1.2__FakeVideo-RealAudio__Caucasian (European)__women__id00496__00015_id00806_wavtolip.mp4,data\raw\FakeAVCeleb_v1.2\FakeVideo-RealAudio\Caucasian (European)\women\id00496\00015_id00806_wavtolip.mp4,1,FakeVideo-RealAudio,Caucasian (European),women,id00496
FakeAVCeleb_v1.2,FakeAVCeleb_v1.2__FakeVideo-RealAudio__Caucasian (European)__women__id00496__00015_id00813_dKs9CWJIkSI.mp4,data\raw\FakeAVCeleb_v1.2\FakeVideo-RealAudio\Caucasian (European)\women\id00496\00015_id00813_dKs9CWJIkSI.mp4,1,FakeVideo-RealAudio,Caucasian (European),women,id00496
FakeAVCeleb_v1.2,FakeAVCeleb_v1.2__FakeVideo-RealAudio__Caucasian (European)__women__id00496__00015_id00823_wavtolip.mp4,data\raw\FakeAVCeleb_v1.2\FakeVideo-RealAudio\Caucasian (European)\women\id00496\00015_id00823_wavtolip.mp4,1,FakeVideo-RealAudio,Caucasian (European),women,id00496
FakeAVCeleb_v1.2,FakeAVCeleb_v1.2__FakeVideo-RealAudio__Caucasian (European)__women__id00496__00015_id00897_0ayFw8JhoyI.mp4,data\raw\FakeAVCeleb_v1.2\FakeVideo-RealAudio\Caucasian (European)\women\id00496\00015_id00897_0ayFw8JhoyI.mp4,1,FakeVideo-RealAudio,Caucasian (European),women,id00496
FakeAVCeleb_v1.2,FakeAVCeleb_v1.2__FakeVideo-RealAudio__Caucasian (European)__women__id00496__00015_id00897_wavtolip.mp4,data\raw\FakeAVCeleb_v1.2\FakeVideo-RealAudio\Caucasian (European)\women\id00496\00015_id00897_wavtolip.mp4,1,FakeVideo-RealAudio,Caucasian (European),women,id00496
FakeAVCeleb_v1.2,FakeAVCeleb_v1.2__FakeVideo-RealAudio__Caucasian (European)__women__id00496__00015_id03589_9NxOQlwpMys.mp4,data\raw\FakeAVCeleb_v1.2\FakeVideo-RealAudio\Caucasian (European)\women\id00496\00015_id03589_9NxOQlwpMys.mp4,1,FakeVideo-RealAudio,Caucasian (European),women,id00496
FakeAVCeleb_v1.2,FakeAVCeleb_v1.2__FakeVideo-RealAudio__Caucasian (European)__women__id00496__00015_id03620_YkXM5A8w07E.mp4,data\raw\FakeAVCeleb_v1.2\FakeVideo-RealAudio\Caucasian (European)\women\id00496\00015_id03620_YkXM5A8w07E.mp4,1,FakeVideo-RealAudio,Caucasian (European),women,id00496
FakeAVCeleb_v1.2,FakeAVCeleb_v1.2__FakeVideo-RealAudio__Caucasian (European)__women__id00496__00015_id03858_uKVqPfRf-ac.mp4,data\raw\FakeAVCeleb_v1.2\FakeVideo-RealAudio\Caucasian (European)\women\id00496\00015_id03858_uKVqPfRf-ac.mp4,1,FakeVideo-RealAudio,Caucasian (European),women,id00496
FakeAVCeleb_v1.2,FakeAVCeleb_v1.2__FakeVideo-RealAudio__Caucasian (European)__women__id00634__00078_0.mp4,data\raw\FakeAVCeleb_v1.2\FakeVideo-RealAudio\Caucasian (European)\women\id00634\00078_0.mp4,1,FakeVideo-RealAudio,Caucasian (European),women,id00634
FakeAVCeleb_v1.2,FakeAVCeleb_v1.2__FakeVideo-RealAudio__Caucasian (European)__women__id00634__00078_id00234_wavtolip.mp4,data\raw\FakeAVCeleb_v1.2\FakeVideo-RealAudio\Caucasian (European)\women\id00634\00078_id00234_wavtolip.mp4,1,FakeVideo-RealAudio,Caucasian (European),women,id00634
FakeAVCeleb_v1.2,FakeAVCeleb_v1.2__FakeVideo-RealAudio__Caucasian (European)__women__id00634__00078_id00287_wavtolip.mp4,data\raw\FakeAVCeleb_v1.2\FakeVideo-RealAudio\Caucasian (European)\women\id00634\00078_id00287_wavtolip.mp4,1,FakeVideo-RealAudio,Caucasian (European),women,id00634
FakeAVCeleb_v1.2,FakeAVCeleb_v1.2__FakeVideo-RealAudio__Caucasian (European)__women__id00634__00078_id00325_wavtolip.mp4,data\raw\FakeAVCeleb_v1.2\FakeVideo-RealAudio\Caucasian (European)\women\id00634\00078_id00325_wavtolip.mp4,1,FakeVideo-RealAudio,Caucasian (European),women,id00634
FakeAVCeleb_v1.2,FakeAVCeleb_v1.2__FakeVideo-RealAudio__Caucasian (European)__women__id00634__00078_id00373_wavtolip.mp4,data\raw\FakeAVCeleb_v1.2\FakeVideo-RealAudio\Caucasian (European)\women\id00634\00078_id00373_wavtolip.mp4,1,FakeVideo-RealAudio,Caucasian (European),women,id00634
FakeAVCeleb_v1.2,FakeAVCeleb_v1.2__FakeVideo-RealAudio__Caucasian (European)__women__id00634__00078_id00395_wM5kGJfTtEM.mp4,data\raw\FakeAVCeleb_v1.2\FakeVideo-RealAudio\Caucasian (European)\women\id00634\00078_id00395_wM5kGJfTtEM.mp4,1,FakeVideo-RealAudio,Caucasian (European),women,id00634
FakeAVCeleb_v1.2,FakeAVCeleb_v1.2__FakeVideo-RealAudio__Caucasian (European)__women__id00634__00078_id00484_u7YTz8eFZv0.mp4,data\raw\FakeAVCeleb_v1.2\FakeVideo-RealAudio\Caucasian (European)\women\id00634\00078_id00484_u7YTz8eFZv0.mp4,1,FakeVideo-RealAudio,Caucasian (European),women,id00634
FakeAVCeleb_v1.2,FakeAVCeleb_v1.2__FakeVideo-RealAudio__Caucasian (European)__women__id00634__00078_id00491_wavtolip.mp4,data\raw\FakeAVCeleb_v1.2\FakeVideo-RealAudio\Caucasian (European)\women\id00634\00078_id00491_wavtolip.mp4,1,FakeVideo-RealAudio,Caucasian (European),women,id00634
FakeAVCeleb_v1.2,FakeAVCeleb_v1.2__FakeVideo-RealAudio__Caucasian (European)__women__id00634__00078_id00495_E46aiMUC4A0.mp4,data\raw\FakeAVCeleb_v1.2\FakeVideo-RealAudio\Caucasian (European)\women\id00634\00078_id00495_E46aiMUC4A0.mp4,1,FakeVideo-RealAudio,Caucasian (European),women,id00634
FakeAVCeleb_v1.2,FakeAVCeleb_v1.2__FakeVideo-RealAudio__Caucasian (European)__women__id00634__00078_id00569_wavtolip.mp4,data\raw\FakeAVCeleb_v1.2\FakeVideo-RealAudio\Caucasian (European)\women\id00634\00078_id00569_wavtolip.mp4,1,FakeVideo-RealAudio,Caucasian (European),women,id00634
FakeAVCeleb_v1.2,FakeAVCeleb_v1.2__FakeVideo-RealAudio__Caucasian (European)__women__id00634__00078_id00581_7AxvP19LGKg.mp4,data\raw\FakeAVCeleb_v1.2\FakeVideo-RealAudio\Caucasian (European)\women\id00634\00078_id00581_7AxvP19LGKg.mp4,1,FakeVideo-RealAudio,Caucasian (European),women,id00634
FakeAVCeleb_v1.2,FakeAVCeleb_v1.2__FakeVideo-RealAudio__Caucasian (European)__women__id00634__00078_id00589_uOzKwYEVR6s.mp4,data\raw\FakeAVCeleb_v1.2\FakeVideo-RealAudio\Caucasian (European)\women\id00634\00078_id00589_uOzKwYEVR6s.mp4,1,FakeVideo-RealAudio,Caucasian (European),women,id00634
FakeAVCeleb_v1.2,FakeAVCeleb_v1.2__FakeVideo-RealAudio__Caucasian (European)__women__id00634__00078_id00591_1Jo8xElXQMs.mp4,data\raw\FakeAVCeleb_v1.2\FakeVideo-RealAudio\Caucasian (European)\women\id00634\00078_id00591_1Jo8xElXQMs.mp4,1,FakeVideo-RealAudio,Caucasian (European),women,id00634
FakeAVCeleb_v1.2,FakeAVCeleb_v1.2__FakeVideo-RealAudio__Caucasian (European)__women__id00634__00078_id00633_wavtolip.mp4,data\raw\FakeAVCeleb_v1.2\FakeVideo-RealAudio\Caucasian (European)\women\id00634\00078_id00633_wavtolip.mp4,1,FakeVideo-RealAudio,Caucasian (European),women,id00634
FakeAVCeleb_v1.2,FakeAVCeleb_v1.2__FakeVideo-RealAudio__Caucasian (European)__women__id00634__00078_id00823_KgExwCvgrUk.mp4,data\raw\FakeAVCeleb_v1.2\FakeVideo-RealAudio\Caucasian (European)\women\id00634\00078_id00823_KgExwCvgrUk.mp4,1,FakeVideo-RealAudio,Caucasian (European),women,id00634
FakeAVCeleb_v1.2,FakeAVCeleb_v1.2__FakeVideo-RealAudio__Caucasian (European)__women__id00634__00078_id00826_MYagwzy91Yk.mp4,data\raw\FakeAVCeleb_v1.2\FakeVideo-RealAudio\Caucasian (European)\women\id00634\00078_id00826_MYagwzy91Yk.mp4,1,FakeVideo-RealAudio,Caucasian (European),women,id00634
FakeAVCeleb_v1.2,FakeAVCeleb_v1.2__FakeVideo-RealAudio__Caucasian (European)__women__id00634__00078_id00897_wavtolip.mp4,data\raw\FakeAVCeleb_v1.2\FakeVideo-RealAudio\Caucasian (European)\women\id00634\00078_id00897_wavtolip.mp4,1,FakeVideo-RealAudio,Caucasian (European),women,id00634
FakeAVCeleb_v1.2,FakeAVCeleb_v1.2__FakeVideo-RealAudio__Caucasian (European)__women__id00634__00078_id01001_wavtolip.mp4,data\raw\FakeAVCeleb_v1.2\FakeVideo-RealAudio\Caucasian (European)\women\id00634\00078_id01001_wavtolip.mp4,1,FakeVideo-RealAudio,Caucasian (European),women,id00634
FakeAVCeleb_v1.2,FakeAVCeleb_v1.2__FakeVideo-RealAudio__Caucasian (European)__women__id00634__00078_id03589_9NxOQlwpMys.mp4,data\raw\FakeAVCeleb_v1.2\FakeVideo-RealAudio\Caucasian (European)\women\id00634\00078_id03589_9NxOQlwpMys.mp4,1,FakeVideo-RealAudio,Caucasian (European),women,id00634
FakeAVCeleb_v1.2,FakeAVCeleb_v1.2__FakeVideo-RealAudio__Caucasian (European)__women__id00634__00078_id03649_389qfFqUddI.mp4,data\raw\FakeAVCeleb_v1.2\FakeVideo-RealAudio\Caucasian (European)\women\id00634\00078_id03649_389qfFqUddI.mp4,1,FakeVideo-RealAudio,Caucasian (European),women,id00634
FakeAVCeleb_v1.2,FakeAVCeleb_v1.2__FakeVideo-RealAudio__Caucasian (European)__women__id00634__00078_id03649_389qfFqUddI_faceswap.mp4,data\raw\FakeAVCeleb_v1.2\FakeVideo-RealAudio\Caucasian (European)\women\id00634\00078_id03649_389qfFqUddI_faceswap.mp4,1,FakeVideo-RealAudio,Caucasian (European),women,id00634
FakeAVCeleb_v1.2,FakeAVCeleb_v1.2__FakeVideo-RealAudio__Caucasian (European)__women__id00634__00078_id03941_wavtolip.mp4,data\raw\FakeAVCeleb_v1.2\FakeVideo-RealAudio\Caucasian (European)\women\id00634\00078_id03941_wavtolip.mp4,1,FakeVideo-RealAudio,Caucasian (European),women,id00634
FakeAVCeleb_v1.2,FakeAVCeleb_v1.2__RealVideo-FakeAudio__African__men__id00366__00118_fake.mp4,data\raw\FakeAVCeleb_v1.2\RealVideo-FakeAudio\African\men\id00366\00118_fake.mp4,1,RealVideo-FakeAudio,African,men,id00366
FakeAVCeleb_v1.2,FakeAVCeleb_v1.2__RealVideo-FakeAudio__African__men__id00518__00031_fake.mp4,data\raw\FakeAVCeleb_v1.2\RealVideo-FakeAudio\African\men\id00518\00031_fake.mp4,1,RealVideo-FakeAudio,African,men,id00518
FakeAVCeleb_v1.2,FakeAVCeleb_v1.2__RealVideo-FakeAudio__African__men__id01597__00005_fake.mp4,data\raw\FakeAVCeleb_v1.2\RealVideo-FakeAudio\African\men\id01597\00005_fake.mp4,1,RealVideo-FakeAudio,African,men,id01597
FakeAVCeleb_v1.2,FakeAVCeleb_v1.2__RealVideo-FakeAudio__African__men__id02342__00191_fake.mp4,data\raw\FakeAVCeleb_v1.2\RealVideo-FakeAudio\African\men\id02342\00191_fake.mp4,1,RealVideo-FakeAudio,African,men,id02342
FakeAVCeleb_v1.2,FakeAVCeleb_v1.2__RealVideo-FakeAudio__African__women__id00371__00099_fake.mp4,data\raw\FakeAVCeleb_v1.2\RealVideo-FakeAudio\African\women\id00371\00099_fake.mp4,1,RealVideo-FakeAudio,African,women,id00371
FakeAVCeleb_v1.2,FakeAVCeleb_v1.2__RealVideo-FakeAudio__African__women__id00568__00384_fake.mp4,data\raw\FakeAVCeleb_v1.2\RealVideo-FakeAudio\African\women\id00568\00384_fake.mp4,1,RealVideo-FakeAudio,African,women,id00568
FakeAVCeleb_v1.2,FakeAVCeleb_v1.2__RealVideo-FakeAudio__African__women__id02071__00195_fake.mp4,data\raw\FakeAVCeleb_v1.2\RealVideo-FakeAudio\African\women\id02071\00195_fake.mp4,1,RealVideo-FakeAudio,African,women,id02071
FakeAVCeleb_v1.2,FakeAVCeleb_v1.2__RealVideo-FakeAudio__African__women__id02721__00424_fake.mp4,data\raw\FakeAVCeleb_v1.2\RealVideo-FakeAudio\African\women\id02721\00424_fake.mp4,1,RealVideo-FakeAudio,African,women,id02721
FakeAVCeleb_v1.2,FakeAVCeleb_v1.2__RealVideo-FakeAudio__African__women__id03103__00130_fake.mp4,data\raw\FakeAVCeleb_v1.2\RealVideo-FakeAudio\African\women\id03103\00130_fake.mp4,1,RealVideo-FakeAudio,African,women,id03103
FakeAVCeleb_v1.2,FakeAVCeleb_v1.2__RealVideo-FakeAudio__African__women__id03658__00077_fake.mp4,data\raw\FakeAVCeleb_v1.2\RealVideo-FakeAudio\African\women\id03658\00077_fake.mp4,1,RealVideo-FakeAudio,African,women,id03658
FakeAVCeleb_v1.2,FakeAVCeleb_v1.2__RealVideo-FakeAudio__African__women__id03713__00249_fake.mp4,data\raw\FakeAVCeleb_v1.2\RealVideo-FakeAudio\African\women\id03713\00249_fake.mp4,1,RealVideo-FakeAudio,African,women,id03713
FakeAVCeleb_v1.2,FakeAVCeleb_v1.2__RealVideo-FakeAudio__African__women__id04736__00083_fake.mp4,data\raw\FakeAVCeleb_v1.2\RealVideo-FakeAudio\African\women\id04736\00083_fake.mp4,1,RealVideo-FakeAudio,African,women,id04736
FakeAVCeleb_v1.2,FakeAVCeleb_v1.2__RealVideo-FakeAudio__Asian (East)__men__id00056__00028_fake.mp4,data\raw\FakeAVCeleb_v1.2\RealVideo-FakeAudio\Asian (East)\men\id00056\00028_fake.mp4,1,RealVideo-FakeAudio,Asian (East),men,id00056
FakeAVCeleb_v1.2,FakeAVCeleb_v1.2__RealVideo-FakeAudio__Asian (East)__men__id03965__00051_fake.mp4,data\raw\FakeAVCeleb_v1.2\RealVideo-FakeAudio\Asian (East)\men\id03965\00051_fake.mp4,1,RealVideo-FakeAudio,Asian (East),men,id03965
FakeAVCeleb_v1.2,FakeAVCeleb_v1.2__RealVideo-FakeAudio__Asian (East)__men__id04222__00078_fake.mp4,data\raw\FakeAVCeleb_v1.2\RealVideo-FakeAudio\Asian (East)\men\id04222\00078_fake.mp4,1,RealVideo-FakeAudio,Asian (East),men,id04222
FakeAVCeleb_v1.2,FakeAVCeleb_v1.2__RealVideo-FakeAudio__Asian (East)__men__id04789__002121_fake.mp4,data\raw\FakeAVCeleb_v1.2\RealVideo-FakeAudio\Asian (East)\men\id04789\002121_fake.mp4,1,RealVideo-FakeAudio,Asian (East),men,id04789
FakeAVCeleb_v1.2,FakeAVCeleb_v1.2__RealVideo-FakeAudio__Asian (East)__men__id06591__00021_fake.mp4,data\raw\FakeAVCeleb_v1.2\RealVideo-FakeAudio\Asian (East)\men\id06591\00021_fake.mp4,1,RealVideo-FakeAudio,Asian (East),men,id06591
FakeAVCeleb_v1.2,FakeAVCeleb_v1.2__RealVideo-FakeAudio__Asian (East)__men__id08299__00110_fake.mp4,data\raw\FakeAVCeleb_v1.2\RealVideo-FakeAudio\Asian (East)\men\id08299\00110_fake.mp4,1,RealVideo-FakeAudio,Asian (East),men,id08299
FakeAVCeleb_v1.2,FakeAVCeleb_v1.2__RealVideo-FakeAudio__Asian (East)__women__id02807__00032_fake.mp4,data\raw\FakeAVCeleb_v1.2\RealVideo-FakeAudio\Asian (East)\women\id02807\00032_fake.mp4,1,RealVideo-FakeAudio,Asian (East),women,id02807
FakeAVCeleb_v1.2,FakeAVCeleb_v1.2__RealVideo-FakeAudio__Asian (East)__women__id05844__00072_fake.mp4,data\raw\FakeAVCeleb_v1.2\RealVideo-FakeAudio\Asian (East)\women\id05844\00072_fake.mp4,1,RealVideo-FakeAudio,Asian (East),women,id05844
FakeAVCeleb_v1.2,FakeAVCeleb_v1.2__RealVideo-FakeAudio__Asian (East)__women__id08397__00167_fake.mp4,data\raw\FakeAVCeleb_v1.2\RealVideo-FakeAudio\Asian (East)\women\id08397\00167_fake.mp4,1,RealVideo-FakeAudio,Asian (East),women,id08397
FakeAVCeleb_v1.2,FakeAVCeleb_v1.2__RealVideo-FakeAudio__Asian (East)__women__id09171__00092_fake.mp4,data\raw\FakeAVCeleb_v1.2\RealVideo-FakeAudio\Asian (East)\women\id09171\00092_fake.mp4,1,RealVideo-FakeAudio,Asian (East),women,id09171
FakeAVCeleb_v1.2,FakeAVCeleb_v1.2__RealVideo-FakeAudio__Asian (South)__men__id00459__00382_fake.mp4,data\raw\FakeAVCeleb_v1.2\RealVideo-FakeAudio\Asian (South)\men\id00459\00382_fake.mp4,1,RealVideo-FakeAudio,Asian (South),men,id00459
FakeAVCeleb_v1.2,FakeAVCeleb_v1.2__RealVideo-FakeAudio__Asian (South)__men__id00685__00146_fake.mp4,data\raw\FakeAVCeleb_v1.2\RealVideo-FakeAudio\Asian (South)\men\id00685\00146_fake.mp4,1,RealVideo-FakeAudio,Asian (South),men,id00685
FakeAVCeleb_v1.2,FakeAVCeleb_v1.2__RealVideo-FakeAudio__Asian (South)__men__id04526__00317_fake.mp4,data\raw\FakeAVCeleb_v1.2\RealVideo-FakeAudio\Asian (South)\men\id04526\00317_fake.mp4,1,RealVideo-FakeAudio,Asian (South),men,id04526
FakeAVCeleb_v1.2,FakeAVCeleb_v1.2__RealVideo-FakeAudio__Asian (South)__men__id04599__00111_fake.mp4,data\raw\FakeAVCeleb_v1.2\RealVideo-FakeAudio\Asian (South)\men\id04599\00111_fake.mp4,1,RealVideo-FakeAudio,Asian (South),men,id04599
FakeAVCeleb_v1.2,FakeAVCeleb_v1.2__RealVideo-FakeAudio__Asian (South)__men__id07058__00010_fake.mp4,data\raw\FakeAVCeleb_v1.2\RealVideo-FakeAudio\Asian (South)\men\id07058\00010_fake.mp4,1,RealVideo-FakeAudio,Asian (South),men,id07058
FakeAVCeleb_v1.2,FakeAVCeleb_v1.2__RealVideo-FakeAudio__Asian (South)__men__id07179__00206_fake.mp4,data\raw\FakeAVCeleb_v1.2\RealVideo-FakeAudio\Asian (South)\men\id07179\00206_fake.mp4,1,RealVideo-FakeAudio,Asian (South),men,id07179
FakeAVCeleb_v1.2,FakeAVCeleb_v1.2__RealVideo-FakeAudio__Asian (South)__women__id04582__00180_fake.mp4,data\raw\FakeAVCeleb_v1.2\RealVideo-FakeAudio\Asian (South)\women\id04582\00180_fake.mp4,1,RealVideo-FakeAudio,Asian (South),women,id04582
FakeAVCeleb_v1.2,FakeAVCeleb_v1.2__RealVideo-FakeAudio__Asian (South)__women__id05920__00161_fake.mp4,data\raw\FakeAVCeleb_v1.2\RealVideo-FakeAudio\Asian (South)\women\id05920\00161_fake.mp4,1,RealVideo-FakeAudio,Asian (South),women,id05920
FakeAVCeleb_v1.2,FakeAVCeleb_v1.2__RealVideo-FakeAudio__Caucasian (American)__men__id00060__00307_fake.mp4,data\raw\FakeAVCeleb_v1.2\RealVideo-FakeAudio\Caucasian (American)\men\id00060\00307_fake.mp4,1,RealVideo-FakeAudio,Caucasian (American),men,id00060
FakeAVCeleb_v1.2,FakeAVCeleb_v1.2__RealVideo-FakeAudio__Caucasian (American)__men__id00264__00257_fake.mp4,data\raw\FakeAVCeleb_v1.2\RealVideo-FakeAudio\Caucasian (American)\men\id00264\00257_fake.mp4,1,RealVideo-FakeAudio,Caucasian (American),men,id00264
FakeAVCeleb_v1.2,FakeAVCeleb_v1.2__RealVideo-FakeAudio__Caucasian (American)__men__id01192__00217_fake.mp4,data\raw\FakeAVCeleb_v1.2\RealVideo-FakeAudio\Caucasian (American)\men\id01192\00217_fake.mp4,1,RealVideo-FakeAudio,Caucasian (American),men,id01192
FakeAVCeleb_v1.2,FakeAVCeleb_v1.2__RealVideo-FakeAudio__Caucasian (American)__men__id04219__00130_fake.mp4,data\raw\FakeAVCeleb_v1.2\RealVideo-FakeAudio\Caucasian (American)\men\id04219\00130_fake.mp4,1,RealVideo-FakeAudio,Caucasian (American),men,id04219
FakeAVCeleb_v1.2,FakeAVCeleb_v1.2__RealVideo-FakeAudio__Caucasian (American)__women__id00025__00025_fake.mp4,data\raw\FakeAVCeleb_v1.2\RealVideo-FakeAudio\Caucasian (American)\women\id00025\00025_fake.mp4,1,RealVideo-FakeAudio,Caucasian (American),women,id00025
FakeAVCeleb_v1.2,FakeAVCeleb_v1.2__RealVideo-FakeAudio__Caucasian (American)__women__id00190__00072_fake.mp4,data\raw\FakeAVCeleb_v1.2\RealVideo-FakeAudio\Caucasian (American)\women\id00190\00072_fake.mp4,1,RealVideo-FakeAudio,Caucasian (American),women,id00190
FakeAVCeleb_v1.2,FakeAVCeleb_v1.2__RealVideo-FakeAudio__Caucasian (American)__women__id00841__00078_fake.mp4,data\raw\FakeAVCeleb_v1.2\RealVideo-FakeAudio\Caucasian (American)\women\id00841\00078_fake.mp4,1,RealVideo-FakeAudio,Caucasian (American),women,id00841
FakeAVCeleb_v1.2,FakeAVCeleb_v1.2__RealVideo-FakeAudio__Caucasian (American)__women__id00848__00028_fake.mp4,data\raw\FakeAVCeleb_v1.2\RealVideo-FakeAudio\Caucasian (American)\women\id00848\00028_fake.mp4,1,RealVideo-FakeAudio,Caucasian (American),women,id00848
FakeAVCeleb_v1.2,FakeAVCeleb_v1.2__RealVideo-FakeAudio__Caucasian (European)__men__id00063__00021_fake.mp4,data\raw\FakeAVCeleb_v1.2\RealVideo-FakeAudio\Caucasian (European)\men\id00063\00021_fake.mp4,1,RealVideo-FakeAudio,Caucasian (European),men,id00063
FakeAVCeleb_v1.2,FakeAVCeleb_v1.2__RealVideo-FakeAudio__Caucasian (European)__men__id00225__00078_fake.mp4,data\raw\FakeAVCeleb_v1.2\RealVideo-FakeAudio\Caucasian (European)\men\id00225\00078_fake.mp4,1,RealVideo-FakeAudio,Caucasian (European),men,id00225
FakeAVCeleb_v1.2,FakeAVCeleb_v1.2__RealVideo-FakeAudio__Caucasian (European)__men__id00241__00015_fake.mp4,data\raw\FakeAVCeleb_v1.2\RealVideo-FakeAudio\Caucasian (European)\men\id00241\00015_fake.mp4,1,RealVideo-FakeAudio,Caucasian (European),men,id00241
FakeAVCeleb_v1.2,FakeAVCeleb_v1.2__RealVideo-FakeAudio__Caucasian (European)__men__id00548__00015_fake.mp4,data\raw\FakeAVCeleb_v1.2\RealVideo-FakeAudio\Caucasian (European)\men\id00548\00015_fake.mp4,1,RealVideo-FakeAudio,Caucasian (European),men,id00548
FakeAVCeleb_v1.2,FakeAVCeleb_v1.2__RealVideo-FakeAudio__Caucasian (European)__men__id01123__00072_fake.mp4,data\raw\FakeAVCeleb_v1.2\RealVideo-FakeAudio\Caucasian (European)\men\id01123\00072_fake.mp4,1,RealVideo-FakeAudio,Caucasian (European),men,id01123
FakeAVCeleb_v1.2,FakeAVCeleb_v1.2__RealVideo-FakeAudio__Caucasian (European)__men__id01126__00040_fake.mp4,data\raw\FakeAVCeleb_v1.2\RealVideo-FakeAudio\Caucasian (European)\men\id01126\00040_fake.mp4,1,RealVideo-FakeAudio,Caucasian (European),men,id01126
FakeAVCeleb_v1.2,FakeAVCeleb_v1.2__RealVideo-FakeAudio__Caucasian (European)__women__id00068__00004_fake.mp4,data\raw\FakeAVCeleb_v1.2\RealVideo-FakeAudio\Caucasian (European)\women\id00068\00004_fake.mp4,1,RealVideo-FakeAudio,Caucasian (European),women,id00068
FakeAVCeleb_v1.2,FakeAVCeleb_v1.2__RealVideo-FakeAudio__Caucasian (European)__women__id00330__00118_fake.mp4,data\raw\FakeAVCeleb_v1.2\RealVideo-FakeAudio\Caucasian (European)\women\id00330\00118_fake.mp4,1,RealVideo-FakeAudio,Caucasian (European),women,id00330
FakeAVCeleb_v1.2,FakeAVCeleb_v1.2__RealVideo-FakeAudio__Caucasian (European)__women__id00491__00122_fake.mp4,data\raw\FakeAVCeleb_v1.2\RealVideo-FakeAudio\Caucasian (European)\women\id00491\00122_fake.mp4,1,RealVideo-FakeAudio,Caucasian (European),women,id00491
FakeAVCeleb_v1.2,FakeAVCeleb_v1.2__RealVideo-FakeAudio__Caucasian (European)__women__id00495__00027_fake.mp4,data\raw\FakeAVCeleb_v1.2\RealVideo-FakeAudio\Caucasian (European)\women\id00495\00027_fake.mp4,1,RealVideo-FakeAudio,Caucasian (European),women,id00495
FakeAVCeleb_v1.2,FakeAVCeleb_v1.2__RealVideo-FakeAudio__Caucasian (European)__women__id00496__00015_fake.mp4,data\raw\FakeAVCeleb_v1.2\RealVideo-FakeAudio\Caucasian (European)\women\id00496\00015_fake.mp4,1,RealVideo-FakeAudio,Caucasian (European),women,id00496
FakeAVCeleb_v1.2,FakeAVCeleb_v1.2__RealVideo-FakeAudio__Caucasian (European)__women__id00634__00078_fake.mp4,data\raw\FakeAVCeleb_v1.2\RealVideo-FakeAudio\Caucasian (European)\women\id00634\00078_fake.mp4,1,RealVideo-FakeAudio,Caucasian (European),women,id00634
